1,3
2,3
3,3
4,3
5,3
6,3
7,3
8,3
9,3
10,3
11,3
12,3
13,3
14,3
15,3
16,3
17,3
18,3
19,3
20,3
21,3
22,3
23,3
24,3
25,3
26,3
27,3
28,4
29,4
30,4
31,5
32,5
33,5
34,5
35,5
36,5
37,5
38,5
39,5
40,5
41,5
42,5
43,5
44,5
45,5
46,5
47,5
48,5
49,5
50,5
51,5
52,4
53,4
54,3
55,3
56,3
57,2
58,2
59,1
60,1
61,1
62,1
63,1
64,1
65,1
66,1
67,0
68,0
69,0
70,0
71,0
72,0
73,0
74,0
75,0
76,0
77,0
78,0
79,0
80,0
81,0
82,0
83,0
84,0
85,0
86,0
87,0
88,0
89,0
90,0
91,0
92,0
93,0
94,0
95,0
96,0
97,0
98,0
99,0
100,0
101,0
102,0
103,0
104,0
105,0
106,0
107,0
108,0
109,0
110,0
111,0
112,0
113,0
114,0
115,0
116,0
117,0
118,0
119,0
120,0
121,0
122,0
123,0
124,0
125,0
126,0
127,0
128,0
129,0
130,0
131,0
132,0
133,0
134,0
135,0
136,0
137,0
138,0
139,0
140,0
141,0
142,0
143,0
144,0
145,0
146,0
147,0
148,0
149,0
150,0
151,0
152,0
153,0
154,0
155,0
156,0
157,0
158,0
159,0
160,0
161,0
162,0
163,0
164,0
165,0
166,0
167,0
168,0
169,0
170,0
171,0
172,0
173,0
174,0
175,0
176,0
177,0
178,0
179,0
180,0
181,0
182,0
183,0
184,0
185,0
186,0
187,0
188,0
189,0
190,0
191,0
192,0
193,0
194,0
195,0
196,0
197,0
198,0
199,0
200,0
201,0
202,0
203,0
204,0
205,0
206,0
207,0
208,0
209,0
210,0
211,0
212,0
213,0
214,0
215,0
216,0
217,0
218,0
219,0
220,0
221,0
222,0
223,0
224,0
225,0
226,0
227,0
228,0
229,0
230,0
231,0
232,0
233,0
234,0
235,0
236,0
237,0
238,0
239,0
240,0
241,0
242,0
243,0
244,0
245,0
246,0
247,0
248,0
249,0
250,0
251,0
252,0
253,0
254,0
255,0
256,0
257,0
258,0
259,0
260,0
261,0
262,0
263,0
264,0
265,0
266,0
267,0
268,0
269,0
270,0
271,0
272,0
273,0
274,0
275,0
276,0
277,0
278,0
279,0
280,0
281,0
282,0
283,0
284,0
285,0
286,0
287,0
288,0
289,0
290,0
291,0
292,0
293,0
294,0
295,0
296,0
297,0
298,0
299,0
300,0
301,0
302,0
303,0
304,0
305,0
306,0
307,0
308,0
309,0
310,0
311,0
312,0
313,0
314,0
315,0
316,0
317,0
318,0
319,0
320,0
321,0
322,0
323,0
324,0
325,0
326,0
327,0
328,0
329,0
330,0
331,0
332,0
333,0
334,0
335,0
336,0
337,0
338,0
339,0
340,0
341,0
342,0
343,0
344,0
345,0
346,0
347,0
348,0
349,0
350,0
351,0
352,0
353,0
354,0
355,0
356,0
357,0
358,0
359,0
360,0
361,0
362,0
363,0
364,0
365,0
366,0
367,0
368,0
369,0
370,1
371,1
372,1
373,2
374,3
375,4
376,4
377,4
378,4
379,4
380,4
381,5
382,5
383,5
384,5
385,5
386,5
387,5
388,5
389,5
390,5
391,5
392,5
393,5
394,5
395,5
396,5
397,5
398,5
399,5
400,5
401,5
402,5
403,5
404,5
405,5
406,5
407,5
408,5
409,5
410,5
411,5
412,5
413,5
414,5
415,5
416,5
417,5
418,5
419,5
420,5
421,5
422,5
423,5
424,5
425,5
426,5
427,5
428,5
429,5
430,5
431,5
432,5
433,5
434,5
435,5
436,5
437,5
438,5
439,5
440,5
441,5
442,5
443,5
444,5
445,5
446,5
447,5
448,4
449,4
450,4
451,3
452,3
453,3
454,3
455,2
456,2
457,2
458,1
459,1
460,1
461,1
462,1
463,0
464,0
465,0
466,0
467,0
468,0
469,0
470,0
471,0
472,0
473,0
474,0
475,0
476,0
477,0
478,0
479,0
480,1
481,2
482,3
483,3
484,2
485,2
486,1
487,1
488,0
489,0
490,0
491,0
492,0
493,0
494,0
495,0
496,0
497,0
498,0
499,0
500,0
501,0
502,0
503,0
504,0
505,0
506,0
507,0
508,0
509,0
510,0
511,0
512,0
513,0
514,0
515,0
516,0
517,0
518,0
519,0
520,0
521,0
522,0
523,0
524,0
525,0
526,0
527,0
528,0
529,0
530,0
531,0
532,0
533,0
534,0
535,0
536,0
537,0
538,0
539,0
540,0
541,0
542,0
543,0
544,0
545,0
546,0
547,0
548,0
549,0
550,0
551,0
552,0
553,0
554,0
555,0
556,0
557,0
558,0
559,0
560,0
561,0
562,0
563,0
564,0
565,0
566,0
567,0
568,0
569,0
570,0
571,0
572,0
573,0
574,0
575,0
576,0
577,0
578,0
579,0
580,0
581,0
582,0
583,0
584,0
585,0
586,0
587,0
588,0
589,0
590,0
591,0
592,0
593,0
594,0
595,1
596,1
597,2
598,2
599,2
600,2
601,3
602,4
603,4
604,4
605,3
606,3
607,3
608,3
609,3
610,3
611,3
612,3
613,3
614,3
615,3
616,3
617,3
618,3
619,3
620,3
621,3
622,3
623,3
624,3
625,4
626,4
627,4
628,4
629,4
630,4
631,4
632,4
633,4
634,4
635,4
636,4
637,4
638,4
639,4
640,4
641,4
642,5
643,5
644,5
645,5
646,5
647,5
648,5
649,5
650,5
651,5
652,5
653,5
654,5
655,5
656,5
657,5
658,5
659,5
660,5
661,5
662,5
663,5
664,5
665,5
666,5
667,5
668,5
669,5
670,5
671,5
672,5
673,5
674,5
675,5
676,5
677,5
678,5
679,5
680,4
681,4
682,4
683,3
684,3
685,3
686,2
687,2
688,1
689,1
690,1
691,1
692,0
693,0
694,0
695,0
696,0
697,0
698,1
699,2
700,2
701,2
702,2
703,1
704,1
705,1
706,0
707,0
708,0
709,0
710,0
711,0
712,0
713,0
714,0
715,0
716,0
717,0
718,0
719,0
720,0
721,0
722,0
723,0
724,0
725,0
726,0
727,0
728,0
729,0
730,0
731,0
732,0
733,0
734,0
735,0
736,0
737,0
738,0
739,0
740,0
741,0
742,0
743,0
744,0
745,0
746,0
747,0
748,0
749,0
750,0
751,0
752,0
753,0
754,0
755,0
756,0
757,0
758,0
759,0
760,0
761,0
762,0
763,0
764,0
765,0
766,0
767,0
768,0
769,0
770,0
771,0
772,0
773,0
774,0
775,0
776,0
777,0
778,0
779,0
780,0
781,0
782,0
783,0
784,0
785,0
786,0
787,0
788,0
789,0
790,0
791,0
792,0
793,0
794,0
795,0
796,0
797,0
798,0
799,0
800,0
801,0
802,0
803,0
804,0
805,0
806,0
807,0
808,0
809,0
810,0
811,0
812,0
813,0
814,0
815,0
816,0
817,0
818,0
819,0
820,0
821,0
822,0
823,0
824,0
825,0
826,0
827,0
828,0
829,0
830,0
831,0
832,0
833,0
834,0
835,0
836,0
837,0
838,0
839,0
840,0
841,0
842,0
843,0
844,0
845,0
846,0
847,0
848,0
849,0
850,0
851,0
852,0
853,0
854,0
855,0
856,0
857,0
858,0
859,0
860,0
861,0
862,0
863,0
864,0
865,0
866,0
867,0
868,0
869,0
870,0
871,0
872,0
873,0
874,0
875,0
876,0
877,0
878,0
879,0
880,0
881,0
882,0
883,0
884,0
885,0
886,0
887,0
888,0
889,0
890,0
891,0
892,0
893,0
894,0
895,0
896,0
897,0
898,0
899,0
900,0
901,0
902,0
903,0
904,0
905,0
906,0
907,0
908,0
909,0
910,0
911,0
912,0
913,0
914,0
915,0
916,0
917,0
918,0
919,0
920,0
921,0
922,0
923,0
924,0
925,0
926,0
927,0
928,0
929,0
930,0
931,0
932,0
933,0
934,1
935,1
936,1
937,2
938,2
939,2
940,1
941,0
942,0
943,0
944,0
945,0
946,0
947,0
948,0
949,0
950,0
951,0
952,0
953,0
954,0
955,0
956,0
957,0
958,0
959,0
960,0
961,0
962,0
963,0
964,0
965,0
966,0
967,0
968,0
969,0
970,1
971,2
972,2
973,3
974,3
975,4
976,4
977,4
978,4
979,4
980,4
981,4
982,4
983,4
984,4
985,4
986,4
987,4
988,4
989,4
990,4
991,4
992,4
993,4
994,4
995,4
996,4
997,4
998,4
999,4
1000,4
1001,4
1002,4
1003,4
1004,4
1005,4
1006,4
1007,4
1008,4
1009,4
1010,4
1011,4
1012,4
1013,4
1014,4
1015,4
1016,4
1017,4
1018,4
1019,4
1020,4
1021,4
1022,4
1023,4
1024,4
1025,4
1026,4
1027,4
1028,4
1029,4
1030,4
1031,4
1032,4
1033,4
1034,5
1035,5
1036,5
1037,5
1038,5
1039,5
1040,5
1041,5
1042,5
1043,5
1044,5
1045,5
1046,5
1047,5
1048,5
1049,5
1050,5
1051,5
1052,5
1053,5
1054,5
1055,5
1056,5
1057,5
1058,5
1059,4
1060,3
1061,3
1062,2
1063,2
1064,1
1065,1
1066,1
1067,0
1068,0
1069,0
1070,0
1071,0
1072,0
1073,0
1074,0
1075,0
1076,0
1077,0
1078,0
1079,0
1080,0
1081,0
1082,0
1083,0
1084,0
1085,0
1086,0
1087,0
1088,1
1089,2
1090,3
1091,3
1092,4
1093,4
1094,3
1095,3
1096,3
1097,3
1098,3
1099,3
1100,3
1101,3
1102,3
1103,3
1104,3
1105,3
1106,3
1107,3
1108,4
1109,4
1110,3
1111,3
1112,3
1113,2
1114,2
1115,2
1116,2
1117,2
1118,2
1119,2
1120,1
1121,1
1122,1
1123,1
1124,1
1125,1
1126,1
1127,1
1128,1
1129,1
1130,1
1131,1
1132,1
1133,1
1134,0
1135,0
1136,0
1137,0
1138,0
1139,0
1140,0
1141,0
1142,0
1143,0
1144,0
1145,0
1146,0
1147,0
1148,0
1149,0
1150,0
1151,0
1152,0
1153,0
1154,0
1155,0
1156,0
1157,0
1158,0
1159,1
1160,2
1161,3
1162,4
1163,4
1164,4
1165,4
1166,4
1167,4
1168,4
1169,4
1170,4
1171,4
1172,4
1173,4
1174,4
1175,4
1176,4
1177,4
1178,4
1179,4
1180,4
1181,4
1182,4
1183,4
1184,4
1185,4
1186,4
1187,4
1188,4
1189,4
1190,4
1191,4
1192,4
1193,4
1194,4
1195,4
1196,4
1197,4
1198,4
1199,4
1200,4
1201,4
1202,4
1203,4
1204,4
1205,4
1206,4
1207,4
1208,4
1209,4
1210,4
1211,4
1212,4
1213,4
1214,4
1215,4
1216,4
1217,4
1218,4
1219,4
1220,4
1221,4
1222,4
1223,4
1224,4
1225,4
1226,4
1227,4
1228,4
1229,4
1230,4
1231,4
1232,4
1233,4
1234,4
1235,4
1236,4
1237,4
1238,4
1239,4
1240,4
1241,4
1242,4
1243,4
1244,4
1245,4
1246,4
1247,4
1248,4
1249,4
1250,4
1251,4
1252,4
1253,4
1254,4
1255,4
1256,3
1257,3
1258,3
1259,2
1260,2
1261,2
1262,2
1263,2
1264,2
1265,2
1266,1
1267,1
1268,1
1269,1
1270,1
1271,1
1272,1
1273,1
1274,2
1275,2
1276,2
1277,2
1278,2
1279,2
1280,2
1281,2
1282,2
1283,2
1284,2
1285,2
1286,2
1287,2
1288,2
1289,2
1290,2
1291,2
1292,2
1293,2
1294,2
1295,2
1296,2
1297,2
1298,2
1299,2
1300,1
1301,1
1302,1
1303,0
1304,0
1305,0
1306,0
1307,0
1308,0
1309,0
1310,0
1311,0
1312,0
1313,0
1314,0
1315,0
1316,0
1317,0
1318,0
1319,0
1320,0
1321,0
1322,0
1323,0
1324,0
1325,0
1326,0
1327,0
1328,0
1329,0
1330,0
1331,0
1332,0
1333,0
1334,0
1335,0
1336,0
1337,0
1338,0
1339,0
1340,0
1341,0
1342,0
1343,0
1344,0
1345,0
1346,0
1347,0
1348,0
1349,0
1350,0
1351,0
1352,0
1353,0
1354,0
1355,0
1356,0
1357,0
1358,0
1359,0
1360,0
1361,0
1362,0
1363,0
1364,0
1365,0
1366,0
1367,0
1368,0
1369,0
1370,0
1371,0
1372,0
1373,0
1374,0
1375,0
1376,0
1377,0
1378,0
1379,0
1380,0
1381,0
1382,0
1383,0
1384,0
1385,0
1386,0
1387,0
1388,0
1389,0
1390,0
1391,0
1392,0
1393,0
1394,0
1395,0
1396,0
1397,0
1398,0
1399,0
1400,0
1401,0
1402,0
1403,0
1404,0
1405,0
1406,0
1407,0
1408,0
1409,0
1410,0
1411,0
1412,0
1413,0
1414,0
1415,0
1416,0
1417,0
1418,0
1419,0
1420,0
1421,0
1422,0
1423,0
1424,0
1425,0
1426,0
1427,0
1428,0
1429,0
1430,0
1431,0
1432,0
1433,0
1434,0
1435,0
1436,0
1437,0
1438,0
1439,0
1440,0
1441,0
1442,0
1443,0
1444,0
1445,0
1446,0
1447,0
1448,0
1449,0
1450,0
1451,0
1452,0
1453,0
1454,0
1455,0
1456,0
1457,0
1458,0
1459,0
1460,0
1461,0
1462,0
1463,0
1464,0
1465,0
1466,0
1467,0
1468,0
1469,0
1470,1
1471,2
1472,2
1473,2
1474,3
1475,3
1476,3
1477,3
1478,3
1479,3
1480,3
1481,3
1482,3
1483,2
1484,2
1485,2
1486,2
1487,2
1488,2
1489,2
1490,2
1491,2
1492,2
1493,2
1494,2
1495,2
1496,2
1497,3
1498,3
1499,3
1500,3
1501,3
1502,3
1503,2
1504,2
1505,2
1506,2
1507,2
1508,2
1509,2
1510,2
1511,2
1512,2
1513,2
1514,2
1515,2
1516,2
1517,2
1518,2
1519,2
1520,2
1521,2
1522,2
1523,2
1524,2
1525,2
1526,2
1527,2
1528,2
1529,2
1530,2
1531,2
1532,2
1533,2
1534,2
1535,2
1536,2
1537,2
1538,2
1539,2
1540,2
1541,2
1542,2
1543,2
1544,2
1545,2
1546,2
1547,2
1548,2
1549,2
1550,2
1551,2
1552,2
1553,2
1554,2
1555,2
1556,2
1557,3
1558,3
1559,4
1560,4
1561,4
1562,4
1563,4
1564,4
1565,4
1566,4
1567,4
1568,5
1569,5
1570,5
1571,5
1572,5
1573,5
1574,5
1575,5
1576,5
1577,5
1578,5
1579,5
1580,5
1581,5
1582,5
1583,5
1584,5
1585,5
1586,5
1587,5
1588,5
1589,5
1590,5
1591,5
1592,5
1593,5
1594,5
1595,5
1596,5
1597,5
1598,5
1599,5
1600,4
1601,4
1602,3
1603,3
1604,3
1605,2
1606,2
1607,2
1608,2
1609,2
1610,1
1611,1
1612,1
1613,1
1614,0
1615,0
1616,0
1617,0
1618,0
1619,0
1620,0
1621,0
1622,0
1623,0
1624,0
1625,0
1626,0
1627,0
1628,0
1629,0
1630,0
1631,0
1632,0
1633,0
1634,0
1635,0
1636,0
1637,0
1638,0
1639,0
1640,0
1641,0
1642,0
1643,0
1644,0
1645,0
1646,0
1647,0
1648,0
1649,0
1650,0
1651,0
1652,0
1653,0
1654,0
1655,0
1656,0
1657,0
1658,0
1659,0
1660,0
1661,0
1662,0
1663,0
1664,0
1665,0
1666,0
1667,0
1668,0
1669,0
1670,0
1671,0
1672,0
1673,1
1674,1
1675,2
1676,3
1677,4
1678,4
1679,4
1680,4
1681,4
1682,4
1683,4
1684,4
1685,4
1686,4
1687,4
1688,4
1689,4
1690,4
1691,4
1692,4
1693,4
1694,4
1695,4
1696,4
1697,4
1698,4
1699,4
1700,4
1701,4
1702,4
1703,4
1704,4
1705,4
1706,4
1707,4
1708,4
1709,4
1710,4
1711,4
1712,4
1713,4
1714,4
1715,4
1716,4
1717,4
1718,4
1719,4
1720,4
1721,4
1722,4
1723,4
1724,4
1725,4
1726,4
1727,4
1728,4
1729,4
1730,4
1731,4
1732,4
1733,4
1734,4
1735,4
1736,4
1737,4
1738,4
1739,4
1740,4
1741,4
1742,4
1743,4
1744,4
1745,4
1746,4
1747,4
1748,4
1749,4
1750,4
1751,4
1752,4
1753,4
1754,4
1755,4
1756,4
1757,4
1758,4
1759,4
1760,4
1761,4
1762,4
1763,4
1764,4
1765,4
1766,4
1767,4
1768,4
1769,4
1770,4
1771,4
1772,4
1773,4
1774,4
1775,4
1776,4
1777,4
1778,4
1779,4
1780,4
1781,4
1782,4
1783,4
1784,4
1785,4
1786,4
1787,4
1788,4
1789,4
1790,4
1791,4
1792,4
1793,4
1794,4
1795,4
1796,4
1797,4
1798,4
1799,4
1800,4
1801,4
1802,4
1803,4
1804,4
1805,4
1806,4
1807,4
1808,4
1809,4
1810,4
1811,4
1812,4
1813,4
1814,4
1815,4
1816,4
1817,4
1818,4
1819,4
1820,4
1821,4
1822,4
1823,4
1824,4
1825,4
1826,4
1827,4
1828,4
1829,4
1830,4
1831,4
1832,4
1833,4
1834,4
1835,4
1836,4
1837,4
1838,4
1839,4
1840,4
1841,4
1842,4
1843,4
1844,4
1845,4
1846,4
1847,4
1848,4
1849,4
1850,4
1851,4
1852,4
1853,4
1854,4
1855,4
1856,4
1857,4
1858,4
1859,4
1860,3
1861,3
1862,2
1863,2
1864,1
1865,1
1866,1
1867,1
1868,2
1869,3
1870,3
1871,4
1872,4
1873,4
1874,4
1875,4
1876,4
1877,4
1878,4
1879,4
1880,4
1881,4
1882,4
1883,4
1884,4
1885,4
1886,4
1887,4
1888,4
1889,4
1890,4
1891,4
1892,4
1893,4
1894,4
1895,4
1896,4
1897,3
1898,2
1899,2
1900,1
1901,1
1902,1
1903,1
1904,1
1905,0
1906,0
1907,0
1908,0
1909,0
1910,0
1911,0
1912,0
1913,0
1914,0
1915,0
1916,0
1917,0
1918,0
1919,0
1920,0
1921,0
1922,0
1923,0
1924,0
1925,0
1926,0
1927,0
1928,0
1929,0
1930,0
1931,0
1932,0
1933,0
1934,1
1935,1
1936,1
1937,1
1938,2
1939,2
1940,2
1941,2
1942,3
1943,3
1944,3
1945,3
1946,3
1947,3
1948,3
1949,3
1950,3
1951,3
1952,3
1953,3
1954,3
1955,3
1956,3
1957,3
1958,3
1959,3
1960,3
1961,3
1962,3
1963,3
1964,3
1965,3
1966,3
1967,3
1968,3
1969,3
1970,3
1971,3
1972,3
1973,3
1974,3
1975,3
1976,3
1977,3
1978,3
1979,3
1980,3
1981,3
1982,3
1983,3
1984,3
1985,3
1986,3
1987,3
1988,3
1989,3
1990,3
1991,3
1992,3
1993,3
1994,3
1995,3
1996,3
1997,3
1998,3
1999,3
2000,3
2001,3
2002,3
2003,3
2004,3
2005,3
2006,3
2007,3
2008,3
2009,3
2010,3
2011,3
2012,3
2013,3
2014,3
2015,3
2016,3
2017,3
2018,3
2019,3
2020,3
2021,3
2022,3
2023,3
2024,3
2025,3
2026,3
2027,3
2028,3
2029,3
2030,3
2031,3
2032,3
2033,3
2034,3
2035,3
2036,3
2037,3
2038,3
2039,3
2040,3
2041,3
2042,3
2043,3
2044,3
2045,3
2046,3
2047,3
2048,3
2049,3
2050,3
2051,3
2052,3
2053,3
2054,3
2055,3
2056,3
2057,3
2058,3
2059,3
2060,3
2061,3
2062,3
2063,3
2064,3
2065,3
2066,3
2067,3
2068,3
2069,3
2070,3
2071,3
2072,3
2073,3
2074,3
2075,3
2076,3
2077,3
2078,3
2079,3
2080,3
2081,3
2082,3
2083,3
2084,3
2085,3
2086,3
2087,3
2088,3
2089,3
2090,3
2091,3
2092,3
2093,3
2094,3
2095,3
2096,3
2097,3
2098,3
2099,3
2100,3
2101,3
2102,3
2103,3
2104,3
2105,3
2106,3
2107,3
2108,3
2109,3
2110,3
2111,3
2112,3
2113,3
2114,3
2115,3
2116,3
2117,3
2118,3
2119,3
2120,3
2121,3
2122,3
2123,3
2124,3
2125,3
2126,3
2127,3
2128,3
2129,3
2130,3
2131,3
2132,3
2133,3
2134,3
2135,3
2136,3
2137,3
2138,3
2139,3
2140,3
2141,3
2142,3
2143,3
2144,3
2145,3
2146,3
2147,3
2148,3
2149,3
2150,3
2151,3
2152,3
2153,3
2154,3
2155,3
2156,3
2157,3
2158,3
2159,3
2160,3
2161,3
2162,3
2163,3
2164,3
2165,3
2166,3
2167,3
2168,3
2169,3
2170,3
2171,3
2172,3
2173,3
2174,3
2175,3
2176,3
2177,2
2178,2
2179,2
2180,2
2181,2
2182,2
2183,2
2184,2
2185,2
2186,2
2187,2
2188,2
2189,2
2190,2
2191,2
2192,2
2193,2
2194,2
2195,2
2196,2
2197,2
2198,2
2199,2
2200,2
2201,2
2202,2
2203,2
2204,2
2205,2
2206,2
2207,2
2208,2
2209,2
2210,2
2211,2
2212,2
2213,2
2214,2
2215,2
2216,2
2217,2
2218,2
2219,2
2220,2
2221,2
2222,2
2223,2
2224,2
2225,2
2226,2
2227,2
2228,2
2229,2
2230,2
2231,2
2232,2
2233,2
2234,2
2235,2
2236,2
2237,2
2238,2
2239,2
2240,2
2241,2
2242,2
2243,2
2244,2
2245,2
2246,2
2247,2
2248,2
2249,2
2250,2
2251,2
2252,2
2253,2
2254,2
2255,2
2256,2
2257,2
2258,2
2259,2
2260,2
2261,2
2262,2
2263,2
2264,2
2265,2
2266,2
2267,2
2268,2
2269,2
2270,2
2271,2
2272,2
2273,2
2274,2
2275,2
2276,2
2277,2
2278,2
2279,2
2280,2
2281,2
2282,2
2283,2
2284,2
2285,2
2286,2
2287,2
2288,2
2289,2
2290,2
2291,2
2292,2
2293,2
2294,2
2295,2
2296,2
2297,2
2298,2
2299,2
2300,2
2301,2
2302,2
2303,2
2304,2
2305,2
2306,2
2307,2
2308,2
2309,2
2310,2
2311,2
2312,2
2313,2
2314,2
2315,2
2316,2
2317,2
2318,2
2319,2
2320,2
2321,2
2322,2
2323,2
2324,2
2325,2
2326,2
2327,2
2328,2
2329,2
2330,2
2331,2
2332,2
2333,2
2334,2
2335,2
2336,2
2337,2
2338,2
2339,2
2340,2
2341,2
2342,2
2343,2
2344,2
2345,2
2346,2
2347,2
2348,2
2349,2
2350,2
2351,2
2352,2
2353,2
2354,2
2355,2
2356,2
2357,2
2358,2
2359,2
2360,2
2361,2
2362,2
2363,2
2364,2
2365,2
2366,2
2367,2
2368,2
2369,2
2370,2
2371,2
2372,2
2373,2
2374,2
2375,2
2376,2
2377,2
2378,2
2379,1
2380,0
2381,0
2382,0
2383,0
2384,0
2385,0
2386,0
2387,0
2388,0
2389,0
2390,0
2391,0
2392,0
2393,0
2394,0
2395,0
2396,0
2397,0
2398,0
2399,0
2400,0
2401,0
2402,0
2403,0
2404,0
2405,0
2406,0
2407,0
2408,0
2409,0
2410,0
2411,0
2412,0
2413,0
2414,0
2415,0
2416,0
2417,0
2418,0
2419,0
2420,0
2421,0
2422,0
2423,0
2424,0
2425,0
2426,0
2427,0
2428,0
2429,0
2430,0
2431,0
2432,0
2433,0
2434,0
2435,0
2436,0
2437,0
2438,0
2439,0
2440,0
2441,0
2442,0
2443,0
2444,0
2445,0
2446,0
2447,0
2448,0
2449,0
2450,0
2451,0
2452,0
2453,0
2454,0
2455,0
2456,0
2457,0
2458,0
2459,0
2460,0
2461,0
2462,0
2463,0
2464,0
2465,0
2466,0
2467,0
2468,0
2469,0
2470,0
2471,0
2472,0
2473,0
2474,0
2475,0
2476,0
2477,0
2478,0
2479,0
2480,0
2481,0
2482,0
2483,0
2484,0
2485,0
2486,0
2487,0
2488,0
2489,0
2490,0
2491,0
2492,0
2493,0
2494,0
2495,0
2496,0
2497,0
2498,0
2499,0
2500,0
2501,0
2502,0
2503,0
2504,0
2505,0
2506,0
2507,0
2508,0
2509,0
2510,0
2511,0
2512,0
2513,0
2514,0
2515,0
2516,0
2517,0
2518,0
2519,0
2520,0
2521,0
2522,0
2523,0
2524,0
2525,0
2526,0
2527,0
2528,0
2529,0
2530,0
2531,0
2532,0
2533,0
2534,0
2535,0
2536,0
2537,0
2538,0
2539,0
2540,0
2541,0
2542,0
2543,0
2544,1
2545,1
2546,1
2547,2
2548,2
2549,2
2550,2
2551,2
2552,3
2553,3
2554,3
2555,3
2556,3
2557,3
2558,3
2559,3
2560,3
2561,4
2562,4
2563,4
2564,4
2565,4
2566,4
2567,4
2568,4
2569,4
2570,4
2571,4
2572,4
2573,4
2574,4
2575,4
2576,4
2577,5
2578,5
2579,5
2580,5
2581,5
2582,5
2583,5
2584,5
2585,5
2586,5
2587,5
2588,5
2589,5
2590,5
2591,5
2592,5
2593,5
2594,5
2595,5
2596,5
2597,5
2598,5
2599,5
2600,5
2601,5
2602,5
2603,5
2604,5
2605,5
2606,5
2607,5
2608,5
2609,5
2610,5
2611,5
2612,5
2613,5
2614,5
2615,5
2616,5
2617,5
2618,5
2619,4
2620,4
2621,4
2622,4
2623,3
2624,3
2625,3
2626,3
2627,3
2628,3
2629,3
2630,3
2631,3
2632,3
2633,3
2634,3
2635,3
2636,3
2637,3
2638,3
2639,4
2640,4
2641,4
2642,4
2643,4
2644,4
2645,4
2646,4
2647,4
2648,4
2649,4
2650,4
2651,4
2652,4
2653,4
2654,4
2655,4
2656,4
2657,4
2658,4
2659,4
2660,4
2661,4
2662,4
2663,4
2664,4
2665,4
2666,4
2667,4
2668,4
2669,4
2670,4
2671,4
2672,4
2673,4
2674,4
2675,4
2676,4
2677,4
2678,4
2679,4
2680,4
2681,4
2682,4
2683,4
2684,4
2685,4
2686,4
2687,4
2688,4
2689,4
2690,4
2691,4
2692,4
2693,4
2694,4
2695,4
2696,4
2697,4
2698,4
2699,4
2700,4
2701,4
2702,4
2703,4
2704,4
2705,4
2706,4
2707,4
2708,4
2709,4
2710,4
2711,4
2712,4
2713,4
2714,4
2715,4
2716,4
2717,4
2718,4
2719,4
2720,4
2721,4
2722,4
2723,4
2724,4
2725,4
2726,4
2727,4
2728,4
2729,4
2730,4
2731,4
2732,4
2733,4
2734,4
2735,4
2736,4
2737,4
2738,4
2739,4
2740,4
2741,4
2742,4
2743,4
2744,4
2745,4
2746,4
2747,4
2748,4
2749,4
2750,4
2751,4
2752,4
2753,4
2754,4
2755,4
2756,4
2757,4
2758,4
2759,4
2760,4
2761,4
2762,4
2763,4
2764,4
2765,4
2766,4
2767,4
2768,4
2769,4
2770,4
2771,4
2772,4
2773,4
2774,4
2775,4
2776,4
2777,4
2778,4
2779,4
2780,4
2781,4
2782,4
2783,4
2784,4
2785,4
2786,4
2787,4
2788,4
2789,4
2790,4
2791,4
2792,4
2793,4
2794,4
2795,4
2796,4
2797,4
2798,4
2799,4
2800,4
2801,4
2802,4
2803,4
2804,4
2805,4
2806,4
2807,4
2808,4
2809,4
2810,4
2811,4
2812,4
2813,4
2814,4
2815,4
2816,4
2817,4
2818,4
2819,4
2820,4
2821,4
2822,4
2823,4
2824,4
2825,4
2826,4
2827,4
2828,4
2829,4
2830,4
2831,4
2832,4
2833,4
2834,4
2835,4
2836,4
2837,4
2838,4
2839,4
2840,4
2841,4
2842,4
2843,4
2844,4
2845,4
2846,4
2847,4
2848,4
2849,4
2850,4
2851,4
2852,4
2853,4
2854,4
2855,4
2856,4
2857,4
2858,4
2859,4
2860,4
2861,4
2862,4
2863,4
2864,4
2865,4
2866,4
2867,4
2868,4
2869,4
2870,4
2871,4
2872,4
2873,4
2874,4
2875,4
2876,4
2877,4
2878,4
2879,4
2880,4
2881,4
2882,4
2883,4
2884,4
2885,4
2886,4
2887,4
2888,4
2889,4
2890,4
2891,4
2892,4
2893,4
2894,4
2895,4
2896,4
2897,4
2898,4
2899,4
2900,4
2901,4
2902,4
2903,4
2904,4
2905,4
2906,4
2907,4
2908,4
2909,4
2910,4
2911,4
2912,4
2913,4
2914,4
2915,4
2916,4
2917,4
2918,4
2919,4
2920,4
2921,4
2922,4
2923,4
2924,4
2925,4
2926,4
2927,4
2928,4
2929,4
2930,4
2931,4
2932,4
2933,4
2934,4
2935,4
2936,4
2937,4
2938,4
2939,4
2940,4
2941,4
2942,4
2943,4
2944,4
2945,4
2946,4
2947,4
2948,4
2949,4
2950,4
2951,4
2952,4
2953,4
2954,4
2955,4
2956,4
2957,4
2958,4
2959,4
2960,4
2961,4
2962,4
2963,4
2964,4
2965,4
2966,4
2967,4
2968,4
2969,4
2970,4
2971,4
2972,4
2973,4
2974,4
2975,4
2976,4
2977,4
2978,4
2979,4
2980,4
2981,4
2982,4
2983,4
2984,4
2985,4
2986,4
2987,4
2988,4
2989,4
2990,4
2991,4
2992,4
2993,4
2994,4
2995,4
2996,4
2997,4
2998,4
2999,4
3000,4
3001,4
3002,4
3003,4
3004,4
3005,4
3006,4
3007,4
3008,4
3009,4
3010,4
3011,4
3012,4
3013,4
3014,4
3015,4
3016,4
3017,4
3018,4
3019,4
3020,4
3021,4
3022,4
3023,4
3024,4
3025,4
3026,4
3027,4
3028,4
3029,4
3030,4
3031,4
3032,4
3033,4
3034,4
3035,4
3036,4
3037,4
3038,4
3039,4
3040,4
3041,4
3042,4
3043,4
3044,4
3045,4
3046,4
3047,4
3048,4
3049,4
3050,4
3051,4
3052,4
3053,4
3054,4
3055,4
3056,4
3057,4
3058,4
3059,4
3060,4
3061,4
3062,4
3063,4
3064,4
3065,4
3066,4
3067,4
3068,4
3069,4
3070,4
3071,4
3072,4
3073,4
3074,4
3075,4
3076,4
3077,4
3078,4
3079,4
3080,4
3081,4
3082,4
3083,4
3084,4
3085,4
3086,4
3087,4
3088,4
3089,4
3090,4
3091,4
3092,4
3093,4
3094,4
3095,4
3096,4
3097,4
3098,4
3099,4
3100,4
3101,4
3102,4
3103,4
3104,4
3105,4
3106,4
3107,4
3108,4
3109,4
3110,4
3111,4
3112,4
3113,4
3114,4
3115,4
3116,4
3117,4
3118,4
3119,4
3120,4
3121,4
3122,4
3123,4
3124,4
3125,4
3126,4
3127,4
3128,4
3129,4
3130,4
3131,4
3132,4
3133,4
3134,4
3135,4
3136,4
3137,4
3138,4
3139,4
3140,4
3141,4
3142,4
3143,4
3144,4
3145,4
3146,4
3147,4
3148,4
3149,4
3150,4
3151,4
3152,4
3153,4
3154,4
3155,4
3156,4
3157,4
3158,4
3159,4
3160,4
3161,4
3162,4
3163,4
3164,4
3165,4
3166,4
3167,4
3168,4
3169,4
3170,4
3171,4
3172,4
3173,4
3174,4
3175,4
3176,4
3177,4
3178,4
3179,4
3180,4
3181,4
3182,4
3183,4
3184,4
3185,4
3186,4
3187,4
3188,4
3189,4
3190,4
3191,4
3192,4
3193,4
3194,4
3195,4
3196,4
3197,4
3198,4
3199,4
3200,4
3201,4
3202,4
3203,4
3204,4
3205,4
3206,4
3207,4
3208,4
3209,4
3210,4
3211,4
3212,4
3213,4
3214,4
3215,4
3216,4
3217,4
3218,4
3219,4
3220,4
3221,4
3222,4
3223,3
3224,3
3225,3
3226,2
3227,2
3228,2
3229,2
3230,2
3231,2
3232,2
3233,2
3234,2
3235,2
3236,2
3237,2
3238,2
3239,2
3240,2
3241,2
3242,2
3243,2
3244,2
3245,2
3246,2
3247,2
3248,2
3249,2
3250,2
3251,2
3252,2
3253,2
3254,2
3255,2
3256,2
3257,2
3258,2
3259,2
3260,2
3261,2
3262,2
3263,2
3264,2
3265,2
3266,2
3267,2
3268,2
3269,2
3270,2
3271,2
3272,2
3273,2
3274,2
3275,2
3276,2
3277,2
3278,2
3279,2
3280,2
3281,2
3282,2
3283,2
3284,2
3285,2
3286,2
3287,2
3288,2
3289,2
3290,2
3291,2
3292,2
3293,2
3294,2
3295,2
3296,2
3297,2
3298,2
3299,2
3300,2
3301,2
3302,2
3303,2
3304,2
3305,2
3306,2
3307,2
3308,2
3309,2
3310,2
3311,2
3312,2
3313,2
3314,2
3315,2
3316,2
3317,2
3318,2
3319,2
3320,2
3321,2
3322,2
3323,2
3324,2
3325,2
3326,2
3327,2
3328,2
3329,2
3330,2
3331,2
3332,2
3333,2
3334,2
3335,2
3336,2
3337,2
3338,2
3339,2
3340,2
3341,2
3342,2
3343,2
3344,2
3345,2
3346,2
3347,2
3348,2
3349,2
3350,2
3351,2
3352,2
3353,2
3354,2
3355,2
3356,2
3357,2
3358,2
3359,2
3360,2
3361,2
3362,2
3363,2
3364,2
3365,2
3366,2
3367,2
3368,2
3369,2
3370,2
3371,2
3372,2
3373,2
3374,2
3375,2
3376,2
3377,2
3378,2
3379,2
3380,2
3381,2
3382,2
3383,2
3384,2
3385,2
3386,2
3387,2
3388,2
3389,2
3390,2
3391,2
3392,2
3393,2
3394,2
3395,2
3396,2
3397,2
3398,2
3399,2
3400,2
3401,2
3402,2
3403,2
3404,2
3405,2
3406,2
3407,2
3408,2
3409,2
3410,2
3411,2
3412,2
3413,2
3414,2
3415,2
3416,2
3417,2
3418,2
3419,2
3420,2
3421,2
3422,2
3423,2
3424,2
3425,2
3426,2
3427,2
3428,2
3429,2
3430,2
3431,2
3432,2
3433,2
3434,2
3435,2
3436,2
3437,2
3438,2
3439,2
3440,2
3441,2
3442,2
3443,2
3444,2
3445,2
3446,2
3447,2
3448,2
3449,2
3450,2
3451,2
3452,2
3453,2
3454,2
3455,2
3456,2
3457,2
3458,2
3459,2
3460,2
3461,2
3462,2
3463,2
3464,2
3465,2
3466,2
3467,2
3468,2
3469,2
3470,2
3471,2
3472,2
3473,2
3474,2
3475,2
3476,2
3477,2
3478,2
3479,2
3480,2
3481,2
3482,2
3483,2
3484,2
3485,2
3486,2
3487,2
3488,2
3489,2
3490,2
3491,2
3492,2
3493,2
3494,2
3495,2
3496,2
3497,2
3498,2
3499,2
3500,2
3501,2
3502,2
3503,2
3504,2
3505,2
3506,2
3507,2
3508,2
3509,2
3510,2
3511,2
3512,2
3513,2
3514,2
3515,2
3516,2
3517,2
3518,2
3519,2
3520,2
3521,2
3522,2
3523,2
3524,2
3525,2
3526,2
3527,2
3528,2
3529,2
3530,2
3531,2
3532,2
3533,2
3534,2
3535,2
3536,2
3537,2
3538,2
3539,2
3540,2
3541,2
3542,2
3543,2
3544,2
3545,2
3546,2
3547,2
3548,2
3549,2
3550,2
3551,2
3552,2
3553,2
3554,2
3555,2
3556,2
3557,2
3558,2
3559,2
3560,2
3561,2
3562,2
3563,2
3564,2
3565,2
3566,2
3567,2
3568,2
3569,2
3570,2
3571,2
3572,2
3573,2
3574,2
3575,2
3576,2
3577,2
3578,2
3579,2
3580,2
3581,2
3582,2
3583,2
3584,2
3585,2
3586,2
3587,2
3588,2
3589,2
3590,2
3591,2
3592,2
3593,2
3594,2
3595,2
3596,2
3597,2
3598,2
3599,2
3600,2
3601,2
3602,2
3603,2
3604,2
3605,2
3606,2
3607,2
3608,2
3609,2
3610,2
3611,2
3612,2
3613,2
3614,2
3615,2
3616,2
3617,2
3618,2
3619,2
3620,2
3621,2
3622,2
3623,2
3624,2
3625,2
3626,2
3627,2
3628,2
3629,2
3630,2
3631,2
3632,2
3633,2
3634,2
3635,2
3636,2
3637,2
3638,2
3639,2
3640,2
3641,2
3642,2
3643,2
3644,2
3645,2
3646,2
3647,2
3648,2
3649,2
3650,2
3651,2
3652,2
3653,2
3654,2
3655,2
3656,2
3657,2
3658,2
3659,2
3660,2
3661,2
3662,2
3663,2
3664,2
3665,2
3666,2
3667,2
3668,2
3669,2
3670,2
3671,2
3672,2
3673,2
3674,2
3675,2
3676,2
3677,2
3678,2
3679,2
3680,2
3681,2
3682,2
3683,2
3684,2
3685,2
3686,2
3687,2
3688,2
3689,2
3690,2
3691,2
3692,2
3693,2
3694,2
3695,2
3696,2
3697,2
3698,2
3699,2
3700,2
3701,2
3702,2
3703,2
3704,2
3705,2
3706,2
3707,2
3708,2
3709,2
3710,2
3711,2
3712,2
3713,2
3714,2
3715,2
3716,2
3717,2
3718,2
3719,2
3720,2
3721,2
3722,2
3723,2
3724,2
3725,2
3726,2
3727,2
3728,2
3729,2
3730,2
3731,2
3732,2
3733,2
3734,2
3735,2
3736,2
3737,2
3738,2
3739,2
3740,2
3741,2
3742,2
3743,2
3744,2
3745,2
3746,2
3747,2
3748,2
3749,2
3750,2
3751,2
3752,2
3753,2
3754,2
3755,2
3756,2
3757,2
3758,2
3759,2
3760,2
3761,2
3762,2
3763,2
3764,2
3765,2
3766,2
3767,2
3768,2
3769,2
3770,2
3771,2
3772,2
3773,2
3774,2
3775,2
3776,2
3777,2
3778,2
3779,2
3780,2
3781,2
3782,2
3783,2
3784,2
3785,2
3786,2
3787,2
3788,2
3789,2
3790,2
3791,2
3792,2
3793,2
3794,2
3795,2
3796,2
3797,2
3798,2
3799,2
3800,2
3801,2
3802,2
3803,2
3804,2
3805,2
3806,2
3807,2
3808,2
3809,2
3810,2
3811,2
3812,2
3813,2
3814,2
3815,2
3816,2
3817,2
3818,2
3819,2
3820,2
3821,2
3822,2
3823,2
3824,2
3825,2
3826,2
3827,2
3828,2
3829,2
3830,2
3831,2
3832,2
3833,2
3834,2
3835,2
3836,2
3837,2
3838,2
3839,2
3840,2
3841,2
3842,2
3843,2
3844,2
3845,2
3846,2
3847,2
3848,2
3849,2
3850,2
3851,2
3852,2
3853,2
3854,2
3855,2
3856,2
3857,2
3858,2
3859,2
3860,2
3861,2
3862,2
3863,2
3864,2
3865,2
3866,2
3867,2
3868,2
3869,2
3870,2
3871,2
3872,2
3873,2
3874,2
3875,2
3876,2
3877,2
3878,2
3879,2
3880,2
3881,2
3882,2
3883,2
3884,2
3885,2
3886,2
3887,2
3888,2
3889,2
3890,2
3891,2
3892,2
3893,2
3894,2
3895,2
3896,2
3897,2
3898,2
3899,2
3900,2
3901,2
3902,2
3903,2
3904,2
3905,2
3906,2
3907,2
3908,2
3909,2
3910,2
3911,2
3912,2
3913,2
3914,2
3915,2
3916,2
3917,2
3918,2
3919,2
3920,2
3921,2
3922,2
3923,2
3924,2
3925,2
3926,2
3927,2
3928,2
3929,2
3930,2
3931,2
3932,2
3933,2
3934,2
3935,2
3936,2
3937,2
3938,2
3939,2
3940,2
3941,2
3942,2
3943,2
3944,2
3945,2
3946,2
3947,2
3948,2
3949,2
3950,2
3951,2
3952,2
3953,2
3954,2
3955,2
3956,2
3957,2
3958,2
3959,2
3960,2
3961,2
3962,2
3963,2
3964,2
3965,2
3966,2
3967,2
3968,2
3969,2
3970,2
3971,2
3972,2
3973,2
3974,2
3975,2
3976,2
3977,2
3978,2
3979,2
3980,2
3981,2
3982,2
3983,2
3984,2
3985,2
3986,2
3987,2
3988,2
3989,2
3990,2
3991,2
3992,2
3993,2
3994,2
3995,2
3996,2
3997,2
3998,2
3999,2
4000,2
4001,2
4002,2
4003,2
4004,2
4005,2
4006,2
4007,2
4008,2
4009,2
4010,2
4011,2
4012,2
4013,2
4014,2
4015,2
4016,2
4017,2
4018,2
4019,2
4020,2
4021,2
4022,2
4023,2
4024,2
4025,2
4026,2
4027,2
4028,2
4029,2
4030,2
4031,2
4032,2
4033,2
4034,2
4035,2
4036,2
4037,2
4038,2
4039,2
4040,2
4041,2
4042,2
4043,2
4044,2
4045,2
4046,2
4047,2
4048,2
4049,2
4050,2
4051,2
4052,2
4053,2
4054,2
4055,2
4056,2
4057,2
4058,2
4059,2
4060,2
4061,2
4062,2
4063,2
4064,2
4065,2
4066,2
4067,2
4068,2
4069,2
4070,2
4071,2
4072,2
4073,2
4074,2
4075,2
4076,2
4077,2
4078,2
4079,2
4080,2
4081,2
4082,2
4083,2
4084,2
4085,2
4086,2
4087,2
4088,2
4089,2
4090,2
4091,2
4092,2
4093,2
4094,2
4095,2
4096,2
4097,2
4098,2
4099,2
4100,2
4101,2
4102,2
4103,2
4104,2
4105,2
4106,2
4107,2
4108,2
4109,2
4110,2
4111,2
4112,2
4113,2
4114,2
4115,2
4116,2
4117,2
4118,2
4119,2
4120,2
4121,2
4122,2
4123,2
4124,2
4125,2
4126,2
4127,2
4128,2
4129,2
4130,2
4131,2
4132,2
4133,2
4134,2
4135,2
4136,2
4137,2
4138,2
4139,2
4140,2
4141,2
4142,2
4143,2
4144,2
4145,2
4146,2
4147,2
4148,2
4149,2
4150,2
4151,2
4152,2
4153,2
4154,2
4155,2
4156,2
4157,2
4158,2
4159,2
4160,2
4161,2
4162,2
4163,2
4164,2
4165,2
4166,2
4167,2
4168,2
4169,2
4170,2
4171,2
4172,2
4173,2
4174,2
4175,2
4176,2
4177,2
4178,2
4179,2
4180,2
4181,1
4182,1
4183,1
4184,1
4185,1
4186,1
4187,1
4188,1
4189,0
4190,0
4191,0
4192,0
4193,0
4194,0
4195,0
4196,0
4197,0
4198,0
4199,0
4200,0
4201,0
4202,0
4203,0
4204,0
4205,0
4206,0
4207,0
4208,0
4209,0
4210,0
4211,0
4212,0
4213,0
4214,0
4215,0
4216,0
4217,0
4218,0
4219,0
4220,0
4221,0
4222,0
4223,0
4224,0
4225,0
4226,0
4227,0
4228,0
4229,0
4230,0
4231,0
4232,0
4233,0
4234,0
4235,0
4236,0
4237,0
4238,0
4239,0
4240,0
4241,0
4242,0
4243,0
4244,0
4245,0
4246,0
4247,0
4248,0
4249,0
4250,0
4251,0
4252,0
4253,0
4254,0
4255,0
4256,0
4257,0
4258,0
4259,0
4260,0
4261,0
4262,0
4263,0
4264,0
4265,0
4266,0
4267,0
4268,0
4269,0
4270,0
4271,0
4272,0
4273,0
4274,0
4275,0
4276,0
4277,0
4278,0
4279,0
4280,0
4281,0
4282,0
4283,0
4284,0
4285,0
4286,0
4287,0
4288,0
4289,0
4290,0
4291,0
4292,0
4293,0
4294,0
4295,0
4296,0
4297,0
4298,0
4299,0
4300,0
4301,0
4302,0
4303,0
4304,0
4305,0
4306,0
4307,0
4308,0
4309,0
4310,0
4311,0
4312,0
4313,0
4314,0
4315,0
4316,0
4317,0
4318,0
4319,0
4320,0
4321,0
4322,0
4323,0
4324,0
4325,0
4326,0
4327,0
4328,0
4329,0
4330,0
4331,0
4332,0
4333,0
4334,0
4335,0
4336,0
4337,0
4338,0
4339,0
4340,0
4341,0
4342,0
4343,0
4344,0
4345,0
4346,0
4347,0
4348,0
4349,0
4350,0
4351,0
4352,0
4353,0
4354,0
4355,0
4356,0
4357,0
4358,0
4359,0
4360,0
4361,0
4362,0
4363,0
4364,0
4365,0
4366,0
4367,0
4368,0
4369,0
4370,0
4371,0
4372,0
4373,0
4374,0
4375,0
4376,0
4377,0
4378,0
4379,0
4380,0
4381,0
4382,0
4383,0
4384,0
4385,0
4386,0
4387,0
4388,0
4389,0
4390,0
4391,0
4392,0
4393,0
4394,0
4395,0
4396,0
4397,0
4398,0
4399,0
4400,0
4401,0
4402,0
4403,0
4404,0
4405,0
4406,0
4407,0
4408,0
4409,0
4410,0
4411,0
4412,0
4413,0
4414,0
4415,0
4416,0
4417,0
4418,0
4419,0
4420,0
4421,0
4422,0
4423,0
4424,0
4425,0
4426,0
4427,0
4428,0
4429,0
4430,0
4431,0
4432,0
4433,0
4434,0
4435,0
4436,0
4437,0
4438,0
4439,0
4440,0
4441,0
4442,0
4443,0
4444,0
4445,0
4446,0
4447,0
4448,0
4449,0
4450,0
4451,0
4452,0
4453,0
4454,0
4455,0
4456,0
4457,0
4458,0
4459,0
4460,0
4461,0
4462,0
4463,0
4464,0
4465,0
4466,0
4467,0
4468,0
4469,0
4470,0
4471,0
4472,0
4473,0
4474,0
4475,0
4476,0
4477,0
4478,0
4479,0
4480,0
4481,0
4482,0
4483,0
4484,0
4485,0
4486,0
4487,0
4488,0
4489,0
4490,0
4491,0
4492,0
4493,0
4494,0
4495,0
4496,0
4497,0
4498,0
4499,0
4500,0
4501,0
4502,0
4503,0
4504,0
4505,0
4506,0
4507,0
4508,0
4509,0
4510,0
4511,0
4512,0
4513,0
4514,0
4515,0
4516,0
4517,0
4518,0
4519,0
4520,0
4521,0
4522,0
4523,0
4524,0
4525,0
4526,0
4527,0
4528,0
4529,0
4530,0
4531,0
4532,0
4533,0
4534,0
4535,0
4536,0
4537,0
4538,0
4539,0
4540,0
4541,0
4542,0
4543,0
4544,0
4545,0
4546,0
4547,0
4548,0
4549,0
4550,0
4551,0
4552,0
4553,0
4554,0
4555,0
4556,0
4557,0
4558,0
4559,0
4560,0
4561,0
4562,0
4563,0
4564,0
4565,0
4566,0
4567,0
4568,0
4569,0
4570,0
4571,0
4572,0
4573,0
4574,0
4575,0
4576,0
4577,0
4578,0
4579,0
4580,0
4581,0
4582,0
4583,0
4584,0
4585,0
4586,0
4587,0
4588,0
4589,0
4590,0
4591,0
4592,0
4593,0
4594,0
4595,0
4596,0
4597,0
4598,0
4599,0
4600,0
4601,0
4602,0
4603,0
4604,0
4605,0
4606,0
4607,0
4608,0
4609,0
4610,0
4611,0
4612,0
4613,0
4614,0
4615,0
4616,0
4617,0
4618,0
4619,0
4620,0
4621,0
4622,0
4623,0
4624,0
4625,0
4626,0
4627,0
4628,0
4629,0
4630,0
4631,0
4632,0
4633,0
4634,0
4635,0
4636,0
4637,0
4638,0
4639,0
4640,0
4641,0
4642,0
4643,0
4644,0
4645,0
4646,0
4647,0
4648,0
4649,0
4650,0
4651,0
4652,0
4653,0
4654,0
4655,0
4656,0
4657,0
4658,0
4659,0
4660,0
4661,0
4662,0
4663,0
4664,0
4665,0
4666,0
4667,0
4668,0
4669,0
4670,0
4671,0
4672,0
4673,0
4674,0
4675,0
4676,0
4677,0
4678,0
4679,0
4680,0
4681,0
4682,0
4683,0
4684,0
4685,0
4686,0
4687,0
4688,0
4689,0
4690,0
4691,0
4692,0
4693,0
4694,0
4695,0
4696,0
4697,0
4698,0
4699,0
4700,0
4701,0
4702,0
4703,0
4704,0
4705,0
4706,0
4707,0
4708,0
4709,0
4710,0
4711,0
4712,0
4713,0
4714,0
4715,0
4716,0
4717,0
4718,0
4719,0
4720,0
4721,0
4722,0
4723,0
4724,0
4725,0
4726,0
4727,0
4728,0
4729,0
4730,0
4731,0
4732,0
4733,0
4734,0
4735,0
4736,0
4737,0
4738,0
4739,0
4740,0
4741,0
4742,0
4743,0
4744,0
4745,0
4746,0
4747,0
4748,0
4749,0
4750,0
4751,0
4752,0
4753,0
4754,0
4755,0
4756,0
4757,0
4758,0
4759,0
4760,0
4761,0
4762,0
4763,0
4764,0
4765,0
4766,0
4767,0
4768,0
4769,0
4770,0
4771,0
4772,0
4773,0
4774,0
4775,0
4776,0
4777,0
4778,0
4779,0
4780,0
4781,0
4782,0
4783,0
4784,0
4785,0
4786,0
4787,0
4788,0
4789,0
4790,0
4791,0
4792,0
4793,0
4794,0
4795,0
4796,0
4797,0
4798,0
4799,0
4800,0
4801,0
4802,0
4803,0
4804,0
4805,0
4806,0
4807,0
4808,0
4809,0
4810,0
4811,0
4812,0
4813,0
4814,0
4815,0
4816,0
4817,0
4818,0
4819,0
4820,0
4821,0
4822,0
4823,0
4824,0
4825,0
4826,0
4827,0
4828,0
4829,0
4830,0
4831,0
4832,0
4833,0
4834,0
4835,0
4836,0
4837,0
4838,0
4839,0
4840,0
4841,0
4842,0
4843,0
4844,0
4845,0