1,2
2,2
3,2
4,2
5,2
6,2
7,2
8,2
9,2
10,2
11,2
12,1
13,2
14,3
15,3
16,2
17,1
18,2
19,2
20,2
21,2
22,2
23,1
24,1
25,1
26,2
27,2
28,2
29,2
30,2
31,1
32,1
33,1
34,1
35,1
36,0
37,0
38,0
39,0
40,0
41,0
42,0
43,0
44,0
45,0
46,0
47,0
48,0
49,0
50,0
51,0
52,0
53,0
54,0
55,0
56,0
57,0
58,0
59,0
60,0
61,0
62,0
63,0
64,0
65,0
66,0
67,0
68,0
69,0
70,0
71,0
72,0
73,0
74,0
75,0
76,0
77,0
78,0
79,0
80,0
81,0
82,0
83,1
84,1
85,2
86,2
87,2
88,2
89,2
90,2
91,2
92,2
93,3
94,3
95,3
96,3
97,3
98,3
99,3
100,3
101,3
102,3
103,3
104,3
105,3
106,3
107,3
108,3
109,3
110,3
111,3
112,3
113,3
114,3
115,3
116,3
117,3
118,3
119,3
120,3
121,3
122,3
123,3
124,3
125,3
126,3
127,3
128,3
129,3
130,3
131,3
132,3
133,3
134,3
135,3
136,3
137,3
138,3
139,3
140,3
141,3
142,3
143,3
144,3
145,3
146,3
147,3
148,3
149,3
150,3
151,3
152,3
153,3
154,3
155,3
156,3
157,3
158,3
159,3
160,3
161,3
162,3
163,3
164,3
165,3
166,3
167,3
168,3
169,3
170,3
171,3
172,3
173,3
174,3
175,3
176,3
177,3
178,3
179,3
180,3
181,3
182,3
183,3
184,3
185,3
186,3
187,3
188,3
189,3
190,3
191,3
192,3
193,3
194,3
195,3
196,3
197,3
198,3
199,3
200,3
201,3
202,3
203,3
204,3
205,3
206,3
207,3
208,3
209,3
210,3
211,3
212,3
213,3
214,3
215,3
216,3
217,3
218,3
219,3
220,3
221,3
222,3
223,2
224,2
225,2
226,2
227,2
228,2
229,2
230,2
231,2
232,2
233,2
234,2
235,2
236,2
237,2
238,2
239,2
240,2
241,2
242,2
243,2
244,2
245,2
246,2
247,2
248,2
249,2
250,2
251,2
252,2
253,2
254,2
255,2
256,2
257,2
258,2
259,2
260,2
261,2
262,2
263,2
264,2
265,2
266,2
267,2
268,2
269,2
270,2
271,2
272,2
273,2
274,2
275,2
276,2
277,2
278,2
279,2
280,2
281,2
282,2
283,2
284,2
285,2
286,2
287,2
288,2
289,2
290,2
291,2
292,2
293,2
294,2
295,2
296,2
297,2
298,2
299,2
300,2
301,2
302,2
303,2
304,2
305,2
306,2
307,2
308,2
309,2
310,2
311,2
312,2
313,2
314,3
315,3
316,3
317,3
318,3
319,3
320,3
321,3
322,3
323,3
324,3
325,3
326,3
327,3
328,3
329,3
330,3
331,3
332,3
333,3
334,3
335,3
336,3
337,3
338,3
339,3
340,3
341,3
342,3
343,3
344,3
345,3
346,3
347,3
348,3
349,3
350,3
351,3
352,3
353,3
354,3
355,3
356,3
357,3
358,3
359,3
360,3
361,3
362,3
363,3
364,3
365,3
366,3
367,3
368,2
369,2
370,2
371,2
372,2
373,2
374,1
375,1
376,1
377,1
378,1
379,1
380,1
381,1
382,0
383,0
384,0
385,0
386,0
387,0
388,0
389,0
390,0
391,0
392,0
393,0
394,0
395,0
396,0
397,0
398,0
399,0
400,0
401,0
402,0
403,0
404,0
405,0
406,0
407,0
408,0
409,0
410,0
411,0
412,0
413,0
414,0
415,0
416,0
417,0
418,0
419,0
420,0
421,0
422,0
423,0
424,0
425,0
426,0
427,0
428,0
429,0
430,0
431,0
432,0
433,0
434,0
435,0
436,0
437,0
438,0
439,0
440,0
441,0
442,0
443,0
444,0
445,0
446,0
447,0
448,0
449,0
450,0
451,0
452,0
453,0
454,0
455,0
456,0
457,0
458,0
459,0
460,0
461,0
462,0
463,0
464,0
465,0
466,0
467,0
468,0
469,0
470,0
471,0
472,0
473,0
474,0
475,0
476,0
477,0
478,1
479,1
480,2
481,2
482,2
483,2
484,2
485,2
486,2
487,2
488,2
489,2
490,2
491,2
492,2
493,2
494,2
495,2
496,2
497,2
498,2
499,2
500,2
501,2
502,2
503,2
504,2
505,2
506,2
507,2
508,2
509,2
510,2
511,2
512,2
513,2
514,2
515,2
516,2
517,2
518,2
519,2
520,2
521,2
522,2
523,2
524,2
525,2
526,2
527,2
528,2
529,2
530,2
531,2
532,2
533,2
534,2
535,2
536,2
537,2
538,2
539,2
540,2
541,2
542,2
543,2
544,2
545,2
546,2
547,2
548,2
549,2
550,2
551,2
552,2
553,2
554,2
555,2
556,2
557,2
558,2
559,2
560,2
561,2
562,2
563,2
564,2
565,2
566,2
567,2
568,2
569,2
570,2
571,2
572,2
573,2
574,2
575,2
576,2
577,2
578,2
579,2
580,2
581,2
582,2
583,2
584,2
585,2
586,2
587,2
588,2
589,2
590,2
591,2
592,2
593,2
594,2
595,2
596,2
597,2
598,2
599,2
600,2
601,2
602,2
603,2
604,2
605,2
606,2
607,2
608,2
609,2
610,2
611,2
612,2
613,2
614,2
615,2
616,2
617,2
618,2
619,2
620,2
621,2
622,2
623,2
624,1
625,1
626,1
627,1
628,1
629,1
630,1
631,1
632,1
633,1
634,1
635,1
636,1
637,1
638,1
639,1
640,1
641,1
642,1
643,1
644,1
645,1
646,1
647,1
648,1
649,1
650,1
651,1
652,1
653,1
654,1
655,1
656,1
657,1
658,1
659,1
660,1
661,1
662,1
663,0
664,0
665,0
666,0
667,0
668,0
669,0
670,0
671,0
672,0
673,0
674,0
675,0
676,0
677,0
678,0
679,0
680,0
681,0
682,0
683,0
684,0
685,0
686,0
687,0
688,0
689,0
690,0
691,0
692,0
693,0
694,0
695,0
696,0
697,0
698,0
699,0
700,0
701,0
702,0
703,0
704,0
705,0
706,0
707,0
708,0
709,1
710,2
711,2
712,2
713,2
714,2
715,2
716,2
717,2
718,2
719,2
720,2
721,2
722,2
723,2
724,2
725,2
726,2
727,2
728,2
729,2
730,2
731,2
732,2
733,2
734,2
735,2
736,2
737,2
738,2
739,2
740,2
741,2
742,2
743,2
744,2
745,2
746,2
747,2
748,3
749,3
750,3
751,3
752,3
753,3
754,3
755,3
756,3
757,3
758,3
759,3
760,3
761,3
762,3
763,3
764,3
765,3
766,3
767,3
768,3
769,3
770,3
771,3
772,3
773,3
774,3
775,3
776,3
777,3
778,3
779,3
780,3
781,3
782,3
783,3
784,3
785,3
786,3
787,3
788,3
789,3
790,3
791,3
792,3
793,3
794,3
795,3
796,3
797,3
798,3
799,3
800,3
801,3
802,3
803,3
804,3
805,3
806,3
807,3
808,3
809,3
810,3
811,3
812,3
813,3
814,2
815,2
816,2
817,2
818,2
819,2
820,2
821,2
822,2
823,2
824,2
825,2
826,2
827,2
828,2
829,2
830,2
831,2
832,2
833,2
834,2
835,2
836,2
837,2
838,2
839,2
840,2
841,2
842,2
843,2
844,2
845,2
846,2
847,2
848,2
849,2
850,2
851,2
852,2
853,2
854,2
855,2
856,2
857,2
858,2
859,2
860,2
861,2
862,2
863,2
864,1
865,1
866,1
867,1
868,1
869,1
870,1
871,1
872,1
873,1
874,1
875,1
876,1
877,1
878,1
879,1
880,1
881,1
882,1
883,2
884,2
885,2
886,2
887,2
888,2
889,2
890,2
891,2
892,2
893,2
894,2
895,2
896,2
897,2
898,2
899,2
900,2
901,2
902,2
903,2
904,2
905,2
906,2
907,2
908,2
909,1
910,1
911,1
912,1
913,1
914,1
915,1
916,1
917,1
918,1
919,1
920,1
921,1
922,1
923,1
924,1
925,2
926,2
927,2
928,2
929,2
930,2
931,2
932,2
933,2
934,2
935,2
936,2
937,2
938,2
939,2
940,2
941,2
942,2
943,2
944,2
945,2
946,2
947,2
948,2
949,2
950,2
951,2
952,2
953,2
954,2
955,2
956,2
957,2
958,2
959,2
960,2
961,2
962,2
963,2
964,2
965,2
966,2
967,2
968,2
969,2
970,2
971,2
972,2
973,2
974,2
975,2
976,2
977,2
978,2
979,2
980,2
981,2
982,2
983,2
984,2
985,2
986,2
987,2
988,2
989,2
990,2
991,2
992,2
993,2
994,2
995,2
996,2
997,2
998,2
999,2
1000,2
1001,2
1002,2
1003,2
1004,2
1005,2
1006,2
1007,2
1008,2
1009,2
1010,2
1011,2
1012,2
1013,2
1014,2
1015,2
1016,2
1017,2
1018,2
1019,2
1020,2
1021,2
1022,2
1023,2
1024,2
1025,2
1026,2
1027,2
1028,1
1029,1
1030,1
1031,1
1032,1
1033,1
1034,1
1035,1
1036,1
1037,1
1038,1
1039,1
1040,1
1041,1
1042,1
1043,1
1044,1
1045,1
1046,1
1047,1
1048,1
1049,0
1050,0
1051,0
1052,0
1053,0
1054,0
1055,0
1056,0
1057,0
1058,0
1059,0
1060,0
1061,0
1062,0
1063,0
1064,0
1065,0
1066,0
1067,0
1068,0
1069,0
1070,0
1071,0
1072,0
1073,0
1074,0
1075,0
1076,0
1077,0
1078,0
1079,0
1080,0
1081,0
1082,0
1083,0
1084,0
1085,0
1086,0
1087,0
1088,0
1089,0
1090,0
1091,0
1092,0
1093,0
1094,0
1095,0
1096,0
1097,0
1098,0
1099,0
1100,0
1101,0
1102,0
1103,0
1104,0
1105,0
1106,0
1107,0
1108,0
1109,0
1110,0
1111,0
1112,0
1113,0
1114,0
1115,0
1116,0
1117,0
1118,0
1119,0
1120,0
1121,0
1122,0
1123,0
1124,0
1125,0
1126,0
1127,0
1128,0
1129,0
1130,0
1131,0
1132,0
1133,0
1134,0
1135,0
1136,0
1137,0
1138,0
1139,0
1140,0
1141,0
1142,0
1143,0
1144,0
1145,0
1146,0
1147,0
1148,0
1149,0
1150,0
1151,0
1152,0
1153,0
1154,0
1155,0
1156,0
1157,0
1158,0
1159,0
1160,0
1161,0
1162,0
1163,0
1164,0
1165,0
1166,0
1167,0
1168,0
1169,0
1170,0
1171,0
1172,0
1173,0
1174,0
1175,0
1176,0
1177,0
1178,0
1179,0
1180,0
1181,0
1182,0
1183,0
1184,0
1185,0
1186,0
1187,0
1188,0
1189,0
1190,0
1191,0
1192,0
1193,0
1194,0
1195,0
1196,0
1197,0
1198,0
1199,0
1200,0
1201,0
1202,0
1203,0
1204,0
1205,0
1206,0
1207,0
1208,0
1209,0
1210,0
1211,0
1212,0
1213,0
1214,0
1215,0
1216,0
1217,0
1218,0
1219,0
1220,0
1221,0
1222,0
1223,0
1224,0
1225,0
1226,0
1227,0
1228,0
1229,0
1230,0
1231,0
1232,0
1233,0
1234,0
1235,0
1236,0
1237,0
1238,0
1239,0
1240,0
1241,0
1242,0
1243,0
1244,0
1245,0
1246,0
1247,0
1248,0
1249,0
1250,0
1251,0
1252,0
1253,0
1254,0
1255,0
1256,0
1257,0
1258,0
1259,0
1260,0
1261,0
1262,0
1263,0
1264,0
1265,0
1266,0
1267,0
1268,0
1269,0
1270,0
1271,0
1272,0
1273,0
1274,0
1275,0
1276,0
1277,0
1278,0
1279,0
1280,0
1281,0
1282,0
1283,0
1284,0
1285,0
1286,0
1287,0
1288,0
1289,0
1290,0
1291,0
1292,0
1293,0
1294,0
1295,0
1296,0
1297,0
1298,0
1299,0
1300,0
1301,0
1302,0
1303,0
1304,0
1305,0
1306,0
1307,0
1308,0
1309,0
1310,0
1311,0
1312,0
1313,0
1314,0
1315,0
1316,0
1317,0
1318,0
1319,0
1320,0
1321,0
1322,0
1323,0
1324,0
1325,0
1326,0
1327,0
1328,0
1329,0
1330,0
1331,0
1332,0
1333,0
1334,0
1335,0
1336,0
1337,0
1338,0
1339,0
1340,0
1341,0
1342,0
1343,0
1344,0
1345,0
1346,0
1347,0
1348,0
1349,0
1350,0
1351,0
1352,0
1353,0
1354,0
1355,0
1356,0
1357,0
1358,0
1359,0
1360,0
1361,0
1362,0
1363,0
1364,0
1365,0
1366,0
1367,0
1368,0
1369,0
1370,0
1371,0
1372,0
1373,0
1374,0
1375,0
1376,0
1377,0
1378,0
1379,0
1380,0
1381,0
1382,0
1383,0
1384,0
1385,0
1386,0
1387,0
1388,0
1389,0
1390,0
1391,0
1392,0
1393,0
1394,0
1395,0
1396,0
1397,0
1398,0
1399,0
1400,0
1401,0
1402,0
1403,0
1404,0
1405,0
1406,0
1407,0
1408,0
1409,0
1410,0
1411,0
1412,0
1413,0
1414,0
1415,0
1416,0
1417,0
1418,0
1419,0
1420,0
1421,0
1422,0
1423,0
1424,0
1425,0
1426,0
1427,0
1428,0
1429,0
1430,0
1431,0
1432,0
1433,0
1434,0
1435,0
1436,0
1437,0
1438,0
1439,0
1440,0
1441,0
1442,0
1443,0
1444,0
1445,0
1446,0
1447,0
1448,0
1449,0
1450,0
1451,0
1452,0
1453,0
1454,0
1455,0
1456,0
1457,0
1458,0
1459,0
1460,0
1461,0
1462,0
1463,0
1464,0
1465,0
1466,0
1467,0
1468,0
1469,0
1470,0
1471,0
1472,0
1473,0
1474,0
1475,0
1476,0
1477,0
1478,0
1479,0
1480,0
1481,0
1482,0
1483,1
1484,2
1485,2
1486,2
1487,2
1488,2
1489,2
1490,2
1491,2
1492,2
1493,2
1494,2
1495,2
1496,2
1497,2
1498,2
1499,2
1500,2
1501,2
1502,2
1503,1
1504,1
1505,1
1506,1
1507,1
1508,2
1509,2
1510,2
1511,2
1512,2
1513,2
1514,2
1515,2
1516,2
1517,2
1518,1
1519,1
1520,1
1521,1
1522,1
1523,1
1524,0
1525,0
1526,0
1527,0
1528,0
1529,0
1530,0
1531,0
1532,0
1533,0
1534,0
1535,0
1536,0
1537,0
1538,0
1539,0
1540,0
1541,0
1542,0
1543,0
1544,0
1545,0
1546,0
1547,0
1548,0
1549,0
1550,0
1551,0
1552,0
1553,0
1554,0
1555,0
1556,0
1557,0
1558,0
1559,0
1560,0
1561,1
1562,2
1563,2
1564,2
1565,2
1566,2
1567,2
1568,2
1569,2
1570,2
1571,2
1572,2
1573,2
1574,2
1575,2
1576,2
1577,2
1578,2
1579,2
1580,2
1581,2
1582,2
1583,2
1584,2
1585,2
1586,2
1587,2
1588,2
1589,2
1590,2
1591,2
1592,2
1593,2
1594,2
1595,2
1596,2
1597,2
1598,2
1599,2
1600,2
1601,2
1602,2
1603,2
1604,2
1605,2
1606,2
1607,2
1608,2
1609,2
1610,2
1611,2
1612,2
1613,2
1614,2
1615,2
1616,2
1617,2
1618,2
1619,2
1620,2
1621,2
1622,2
1623,2
1624,2
1625,2
1626,2
1627,2
1628,2
1629,2
1630,1
1631,1
1632,1
1633,1
1634,1
1635,1
1636,1
1637,1
1638,1
1639,1
1640,1
1641,1
1642,1
1643,1
1644,1
1645,1
1646,1
1647,1
1648,1
1649,1
1650,0
1651,0
1652,0
1653,0
1654,0
1655,0
1656,0
1657,0
1658,0
1659,0
1660,0
1661,0
1662,0
1663,0
1664,0
1665,0
1666,0
1667,0
1668,0
1669,0
1670,0
1671,0
1672,0
1673,0
1674,0
1675,0
1676,0
1677,1
1678,2
1679,2
1680,3
1681,3
1682,3
1683,3
1684,3
1685,2
1686,2
1687,2
1688,2
1689,2
1690,1
1691,1
1692,1
1693,1
1694,1
1695,0
1696,0
1697,0
1698,0
1699,0
1700,0
1701,0
1702,0
1703,0
1704,0
1705,0
1706,0
1707,0
1708,0
1709,0
1710,0
1711,0
1712,0
1713,0
1714,0
1715,0
1716,0
1717,0
1718,0
1719,0
1720,0
1721,0
1722,0
1723,0
1724,0
1725,0
1726,0
1727,0
1728,0
1729,0
1730,0
1731,0
1732,0
1733,0
1734,0
1735,0
1736,0
1737,0
1738,0
1739,0
1740,0
1741,0
1742,0
1743,0
1744,0
1745,0
1746,0
1747,0
1748,0
1749,0
1750,0
1751,0
1752,0
1753,0
1754,0
1755,0
1756,0
1757,0
1758,0
1759,0
1760,0
1761,0
1762,0
1763,0
1764,0
1765,0
1766,0
1767,0
1768,0
1769,0
1770,0
1771,0
1772,0
1773,0
1774,0
1775,0
1776,0
1777,0
1778,0
1779,0
1780,0
1781,0
1782,0
1783,0
1784,0
1785,0
1786,0
1787,0
1788,0
1789,0
1790,0
1791,0
1792,0
1793,0
1794,0
1795,0
1796,0
1797,0
1798,0
1799,0
1800,0
1801,0
1802,0
1803,0
1804,0
1805,0
1806,0
1807,0
1808,0
1809,0
1810,0
1811,0
1812,0
1813,0
1814,0
1815,0
1816,0
1817,0
1818,0
1819,0
1820,0
1821,0
1822,0
1823,0
1824,0
1825,0
1826,0
1827,0
1828,0
1829,0
1830,0
1831,0
1832,0
1833,0
1834,0
1835,0
1836,0
1837,0
1838,0
1839,0
1840,0
1841,0
1842,0
1843,0
1844,0
1845,0
1846,0
1847,0
1848,0
1849,0
1850,0
1851,0
1852,0
1853,0
1854,0
1855,0
1856,0
1857,0
1858,0
1859,0
1860,0
1861,0
1862,0
1863,0
1864,0
1865,0
1866,0
1867,0
1868,0
1869,0
1870,0
1871,0
1872,0
1873,0
1874,0
1875,0
1876,0
1877,0
1878,0
1879,0
1880,0
1881,0
1882,0
1883,0
1884,0
1885,0
1886,0
1887,0
1888,0
1889,0
1890,0
1891,0
1892,0
1893,0
1894,0
1895,0
1896,0
1897,0
1898,0
1899,0
1900,0
1901,0
1902,0
1903,0
1904,0
1905,0
1906,0
1907,0
1908,0
1909,0
1910,0
1911,0
1912,0
1913,0
1914,0
1915,0
1916,0
1917,0
1918,0
1919,0
1920,0
1921,0
1922,0
1923,0
1924,0
1925,0
1926,0
1927,0
1928,0
1929,0
1930,0
1931,0
1932,0
1933,0
1934,0
1935,0
1936,0
1937,0
1938,0
1939,0
1940,0
1941,0
1942,0
1943,0
1944,0
1945,0
1946,0
1947,0
1948,0
1949,0
1950,0
1951,0
1952,0
1953,0
1954,0
1955,0
1956,0
1957,0
1958,0
1959,0
1960,0
1961,0
1962,0
1963,0
1964,0
1965,0
1966,0
1967,0
1968,0
1969,0
1970,0
1971,0
1972,0
1973,0
1974,0
1975,1
1976,1
1977,1
1978,1
1979,1
1980,1
1981,1
1982,1
1983,1
1984,1
1985,1
1986,1
1987,2
1988,2
1989,2
1990,2
1991,2
1992,2
1993,2
1994,2
1995,2
1996,2
1997,2
1998,2
1999,2
2000,2
2001,2
2002,2
2003,2
2004,2
2005,2
2006,2
2007,2
2008,2
2009,2
2010,2
2011,2
2012,2
2013,2
2014,2
2015,2
2016,2
2017,2
2018,2
2019,2
2020,2
2021,2
2022,2
2023,2
2024,2
2025,2
2026,2
2027,2
2028,2
2029,2
2030,2
2031,2
2032,2
2033,2
2034,2
2035,2
2036,2
2037,2
2038,2
2039,2
2040,2
2041,2
2042,2
2043,2
2044,2
2045,2
2046,2
2047,2
2048,2
2049,2
2050,2
2051,2
2052,2
2053,2
2054,2
2055,2
2056,2
2057,2
2058,2
2059,2
2060,2
2061,2
2062,2
2063,2
2064,2
2065,2
2066,2
2067,2
2068,2
2069,2
2070,2
2071,2
2072,2
2073,2
2074,2
2075,2
2076,2
2077,2
2078,2
2079,2
2080,2
2081,2
2082,2
2083,2
2084,2
2085,2
2086,2
2087,2
2088,2
2089,2
2090,2
2091,2
2092,2
2093,2
2094,2
2095,2
2096,2
2097,2
2098,2
2099,2
2100,2
2101,2
2102,2
2103,2
2104,2
2105,2
2106,2
2107,2
2108,2
2109,2
2110,2
2111,2
2112,2
2113,2
2114,2
2115,2
2116,2
2117,2
2118,2
2119,2
2120,2
2121,2
2122,2
2123,2
2124,2
2125,2
2126,2
2127,2
2128,2
2129,2
2130,2
2131,2
2132,2
2133,2
2134,2
2135,2
2136,2
2137,2
2138,2
2139,2
2140,2
2141,2
2142,2
2143,2
2144,2
2145,2
2146,2
2147,2
2148,2
2149,2
2150,2
2151,2
2152,2
2153,2
2154,2
2155,2
2156,2
2157,2
2158,2
2159,2
2160,2
2161,2
2162,2
2163,2
2164,2
2165,2
2166,2
2167,2
2168,2
2169,2
2170,2
2171,2
2172,2
2173,2
2174,2
2175,2
2176,2
2177,2
2178,2
2179,2
2180,2
2181,2
2182,2
2183,2
2184,2
2185,2
2186,2
2187,2
2188,2
2189,2
2190,2
2191,2
2192,2
2193,2
2194,2
2195,2
2196,2
2197,2
2198,2
2199,2
2200,2
2201,2
2202,2
2203,2
2204,2
2205,2
2206,1
2207,1
2208,1
2209,0
2210,0
2211,1
2212,1
2213,2
2214,2
2215,2
2216,2
2217,2
2218,2
2219,2
2220,2
2221,2
2222,2
2223,2
2224,2
2225,2
2226,2
2227,2
2228,2
2229,2
2230,2
2231,2
2232,2
2233,2
2234,2
2235,2
2236,2
2237,2
2238,2
2239,2
2240,2
2241,2
2242,2
2243,2
2244,2
2245,2
2246,2
2247,2
2248,2
2249,2
2250,2
2251,2
2252,2
2253,2
2254,2
2255,2
2256,2
2257,2
2258,2
2259,2
2260,2
2261,2
2262,2
2263,2
2264,2
2265,2
2266,2
2267,2
2268,2
2269,2
2270,2
2271,2
2272,2
2273,2
2274,2
2275,2
2276,2
2277,2
2278,2
2279,2
2280,2
2281,2
2282,2
2283,2
2284,2
2285,2
2286,2
2287,2
2288,2
2289,2
2290,2
2291,2
2292,2
2293,2
2294,2
2295,2
2296,2
2297,2
2298,2
2299,2
2300,2
2301,2
2302,2
2303,2
2304,2
2305,2
2306,2
2307,2
2308,2
2309,2
2310,2
2311,2
2312,2
2313,2
2314,2
2315,2
2316,2
2317,2
2318,2
2319,2
2320,2
2321,2
2322,2
2323,2
2324,2
2325,2
2326,2
2327,2
2328,2
2329,2
2330,2
2331,2
2332,2
2333,2
2334,2
2335,2
2336,2
2337,2
2338,2
2339,2
2340,2
2341,2
2342,2
2343,2
2344,2
2345,2
2346,2
2347,2
2348,2
2349,2
2350,2
2351,2
2352,2
2353,2
2354,2
2355,2
2356,2
2357,2
2358,2
2359,2
2360,2
2361,2
2362,2
2363,2
2364,2
2365,2
2366,2
2367,2
2368,2
2369,2
2370,2
2371,2
2372,2
2373,2
2374,2
2375,2
2376,2
2377,2
2378,2
2379,2
2380,2
2381,2
2382,2
2383,2
2384,2
2385,2
2386,2
2387,2
2388,2
2389,2
2390,2
2391,2
2392,2
2393,2
2394,2
2395,2
2396,2
2397,2
2398,2
2399,2
2400,2
2401,2
2402,2
2403,2
2404,2
2405,2
2406,2
2407,2
2408,2
2409,2
2410,2
2411,1
2412,1
2413,1
2414,1
2415,0
2416,0
2417,0
2418,0
2419,0
2420,0
2421,0
2422,0
2423,0
2424,0
2425,0
2426,0
2427,0
2428,0
2429,0
2430,0
2431,0
2432,0
2433,0
2434,0
2435,0
2436,0
2437,0
2438,0
2439,0
2440,0
2441,0
2442,0
2443,0
2444,0
2445,0
2446,0
2447,0
2448,0
2449,0
2450,0
2451,0
2452,0
2453,0
2454,0
2455,0
2456,0
2457,0
2458,0
2459,0
2460,0
2461,0
2462,0
2463,0
2464,0
2465,0
2466,0
2467,0
2468,0
2469,0
2470,0
2471,0
2472,0
2473,0
2474,0
2475,0
2476,0
2477,0
2478,0
2479,0
2480,0
2481,0
2482,0
2483,0
2484,0
2485,0
2486,0
2487,0
2488,0
2489,0
2490,0
2491,0
2492,0
2493,0
2494,0
2495,0
2496,0
2497,0
2498,0
2499,0
2500,0
2501,0
2502,0
2503,0
2504,0
2505,0
2506,0
2507,0
2508,0
2509,0
2510,0
2511,0
2512,0
2513,0
2514,0
2515,0
2516,0
2517,0
2518,0
2519,0
2520,0
2521,0
2522,0
2523,0
2524,0
2525,0
2526,0
2527,0
2528,0
2529,0
2530,0
2531,0
2532,0
2533,0
2534,0
2535,0
2536,0
2537,0
2538,0
2539,0
2540,0
2541,0
2542,0
2543,0
2544,0
2545,0
2546,0
2547,0
2548,0
2549,0
2550,0
2551,0
2552,0
2553,0
2554,0
2555,0
2556,0
2557,0
2558,0
2559,0
2560,0
2561,0
2562,0
2563,0
2564,0
2565,0
2566,0
2567,0
2568,0
2569,0
2570,0
2571,0
2572,0
2573,0
2574,0
2575,0
2576,0
2577,0
2578,0
2579,0
2580,0
2581,0
2582,0
2583,0
2584,0
2585,0
2586,0
2587,0
2588,0
2589,0
2590,0
2591,0
2592,0
2593,0
2594,0
2595,0
2596,0
2597,0
2598,0
2599,0
2600,0
2601,0
2602,0
2603,0
2604,0
2605,0
2606,0
2607,0
2608,0
2609,0
2610,0
2611,0
2612,0
2613,0
2614,0
2615,0
2616,0
2617,0
2618,0
2619,0
2620,0
2621,0
2622,0
2623,0
2624,0
2625,0
2626,0
2627,0
2628,0
2629,0
2630,0
2631,0
2632,0
2633,0
2634,0
2635,0
2636,0
2637,0
2638,0
2639,0
2640,0
2641,0
2642,0
2643,0
2644,0
2645,0
2646,0
2647,0
2648,0
2649,0
2650,0
2651,0
2652,0
2653,0
2654,0
2655,0
2656,0
2657,0
2658,0
2659,0
2660,0
2661,0
2662,0
2663,0
2664,0
2665,0
2666,0
2667,0
2668,0
2669,0
2670,0
2671,0
2672,0
2673,0
2674,0
2675,0
2676,0
2677,0
2678,0
2679,0
2680,0
2681,0
2682,0
2683,0
2684,0
2685,0
2686,0
2687,0
2688,0
2689,0
2690,0
2691,0
2692,0
2693,0
2694,0
2695,0
2696,0
2697,0
2698,0
2699,0
2700,0
2701,0
2702,0
2703,0
2704,0
2705,0
2706,0
2707,0
2708,0
2709,0
2710,0
2711,0
2712,0
2713,0
2714,0
2715,0
2716,0
2717,0
2718,0
2719,0
2720,0
2721,0
2722,0
2723,0
2724,0
2725,0
2726,0
2727,0
2728,0
2729,0
2730,0
2731,0
2732,0
2733,0
2734,0
2735,0
2736,0
2737,0
2738,0
2739,0
2740,0
2741,0
2742,0
2743,0
2744,0
2745,0
2746,0
2747,0
2748,0
2749,0
2750,0
2751,0
2752,0
2753,0
2754,0
2755,0
2756,0
2757,0
2758,0
2759,0
2760,0
2761,0
2762,0
2763,0
2764,0
2765,0
2766,0
2767,0
2768,0
2769,0
2770,0
2771,0
2772,0
2773,0
2774,0
2775,0
2776,0
2777,0
2778,0
2779,0
2780,0
2781,0
2782,0
2783,0
2784,0
2785,0
2786,0
2787,0
2788,0
2789,0
2790,0
2791,0
2792,0
2793,0
2794,0
2795,0
2796,0
2797,0
2798,0
2799,0
2800,0
2801,0
2802,0
2803,0
2804,0
2805,0
2806,0
2807,0
2808,0
2809,0
2810,0
2811,0
2812,0
2813,0
2814,0
2815,0
2816,0
2817,0
2818,0
2819,0
2820,0
2821,0
2822,0
2823,0
2824,0
2825,0
2826,0
2827,0
2828,0
2829,0
2830,0
2831,0
2832,0
2833,0
2834,0
2835,0
2836,0
2837,0
2838,0
2839,0
2840,0
2841,0
2842,0
2843,0
2844,0
2845,0
2846,0
2847,0
2848,0
2849,0
2850,0
2851,0
2852,0
2853,0
2854,0
2855,0
2856,0
2857,0
2858,0
2859,0
2860,0
2861,0
2862,0
2863,0
2864,0
2865,0
2866,0
2867,0
2868,0
2869,0
2870,0
2871,0
2872,0
2873,0
2874,0
2875,0
2876,0
2877,0
2878,0
2879,0
2880,0
2881,0
2882,0
2883,0
2884,0
2885,0
2886,0
2887,0
2888,0
2889,0
2890,0
2891,0
2892,0
2893,0
2894,0
2895,0
2896,0
2897,0
2898,0
2899,0
2900,0
2901,0
2902,0
2903,0
2904,0
2905,0
2906,0
2907,0
2908,0
2909,0
2910,0
2911,0
2912,0
2913,0
2914,0
2915,0
2916,0
2917,0
2918,0
2919,0
2920,0
2921,0
2922,0
2923,0
2924,0
2925,0
2926,0
2927,0
2928,0
2929,0
2930,0
2931,0
2932,0
2933,0
2934,0
2935,0
2936,0
2937,0
2938,0
2939,0
2940,0
2941,0
2942,0
2943,0
2944,0
2945,0
2946,0
2947,0
2948,0
2949,0
2950,0
2951,0
2952,0
2953,0
2954,0
2955,0
2956,0
2957,0
2958,0
2959,0
2960,0
2961,0
2962,0
2963,0
2964,0
2965,0
2966,0
2967,0
2968,0
2969,0
2970,0
2971,0
2972,0
2973,0
2974,0
2975,0
2976,0
2977,0
2978,0
2979,0
2980,0
2981,0
2982,0
2983,0
2984,0
2985,0
2986,0
2987,0
2988,0
2989,0
2990,0
2991,0
2992,0
2993,0
2994,0
2995,0
2996,0
2997,0
2998,0
2999,0
3000,0
3001,0
3002,0
3003,0
3004,0
3005,0
3006,0
3007,0
3008,0
3009,0
3010,0
3011,0
3012,0
3013,0
3014,0
3015,0
3016,0
3017,0
3018,0
3019,0
3020,0
3021,0
3022,0
3023,0
3024,0
3025,0
3026,0
3027,0
3028,0
3029,0
3030,0
3031,0
3032,0
3033,0
3034,0
3035,0
3036,0
3037,0
3038,0
3039,0
3040,0
3041,0
3042,0
3043,0
3044,0
3045,0
3046,0
3047,0
3048,0
3049,0
3050,0
3051,0
3052,0
3053,0
3054,0
3055,0
3056,0
3057,0
3058,0
3059,0
3060,0
3061,0
3062,0
3063,0
3064,0
3065,0
3066,0
3067,0
3068,0
3069,0
3070,0
3071,0
3072,0
3073,0
3074,0
3075,0
3076,0
3077,0
3078,0
3079,0
3080,0
3081,0
3082,0
3083,0
3084,0
3085,0
3086,0
3087,0
3088,0
3089,0
3090,0
3091,0
3092,0
3093,0
3094,0
3095,0
3096,0
3097,0
3098,0
3099,0
3100,0
3101,0
3102,0
3103,0
3104,0
3105,0
3106,0
3107,0
3108,0
3109,0
3110,0
3111,0
3112,0
3113,0
3114,0
3115,0
3116,0
3117,0
3118,0
3119,0
3120,0
3121,0
3122,0
3123,0
3124,0
3125,0
3126,0
3127,0
3128,0
3129,0
3130,0
3131,0
3132,0
3133,0
3134,0
3135,0
3136,0
3137,0
3138,0
3139,0
3140,0
3141,0
3142,0
3143,0
3144,0
3145,0
3146,0
3147,0
3148,0
3149,0
3150,0
3151,0
3152,0
3153,0
3154,0
3155,0
3156,0
3157,0
3158,0
3159,0
3160,0
3161,0
3162,0
3163,0
3164,0
3165,0
3166,0
3167,0
3168,0
3169,0
3170,0
3171,0
3172,0
3173,0
3174,0
3175,0
3176,0
3177,0
3178,0
3179,0
3180,0
3181,0
3182,0
3183,0
3184,0
3185,0
3186,0
3187,0
3188,0
3189,0
3190,0
3191,0
3192,0
3193,0
3194,0
3195,0
3196,0
3197,0
3198,0
3199,0
3200,0
3201,0
3202,0
3203,0
3204,0
3205,0
3206,0
3207,0
3208,0
3209,0
3210,0
3211,0
3212,0
3213,0
3214,0
3215,0
3216,0
3217,0
3218,0
3219,0
3220,0
3221,0
3222,0
3223,0
3224,0
3225,0
3226,0
3227,0
3228,0
3229,0
3230,0
3231,0
3232,0
3233,0
3234,0
3235,0
3236,0
3237,0
3238,0
3239,0
3240,0
3241,0
3242,0
3243,0
3244,0
3245,0
3246,0
3247,0
3248,0
3249,0
3250,0
3251,0
3252,0
3253,0
3254,0
3255,0
3256,0
3257,0
3258,0
3259,0
3260,0
3261,0
3262,0
3263,0
3264,0
3265,0
3266,0
3267,0
3268,0
3269,0
3270,0
3271,0
3272,0
3273,0
3274,0
3275,0
3276,0
3277,1
3278,1
3279,1
3280,1
3281,1
3282,1
3283,1
3284,1
3285,1
3286,1
3287,1
3288,1
3289,1
3290,1
3291,1
3292,1
3293,1
3294,1
3295,1
3296,1
3297,1
3298,1
3299,1
3300,1
3301,1
3302,1
3303,1
3304,1
3305,0
3306,0
3307,0
3308,0
3309,0
3310,0
3311,0
3312,0
3313,0
3314,0
3315,0
3316,0
3317,0
3318,0
3319,0
3320,0
3321,0
3322,0
3323,0
3324,0
3325,0
3326,0
3327,0
3328,0
3329,0
3330,0
3331,0
3332,0
3333,0
3334,0
3335,0
3336,0
3337,0
3338,0
3339,0
3340,0
3341,0
3342,0
3343,0
3344,0
3345,0
3346,0
3347,0
3348,0
3349,0
3350,0
3351,0
3352,0
3353,0
3354,0
3355,0
3356,0
3357,0
3358,0
3359,0
3360,0
3361,0
3362,0
3363,0
3364,0
3365,0
3366,0
3367,0
3368,0
3369,0
3370,0
3371,0
3372,0
3373,0
3374,0
3375,0
3376,0
3377,0
3378,0
3379,0
3380,0
3381,0
3382,0
3383,0
3384,0
3385,0
3386,0
3387,0
3388,0
3389,0
3390,0
3391,0
3392,0
3393,0
3394,0
3395,0
3396,0
3397,0
3398,0
3399,0
3400,0
3401,0
3402,0
3403,0
3404,0
3405,0
3406,0
3407,0
3408,0
3409,0
3410,0
3411,0
3412,0
3413,0
3414,0
3415,0
3416,0
3417,0
3418,0
3419,0
3420,0
3421,0
3422,0
3423,0
3424,0
3425,0
3426,0
3427,0
3428,0
3429,0
3430,0
3431,0
3432,0
3433,0
3434,0
3435,0
3436,0
3437,0
3438,0
3439,0
3440,0
3441,0
3442,0
3443,0
3444,0
3445,0
3446,0
3447,0
3448,0
3449,0
3450,0
3451,0
3452,0
3453,0
3454,0
3455,0
3456,0
3457,0
3458,0
3459,0
3460,0
3461,0
3462,0
3463,0
3464,0
3465,0
3466,0
3467,0
3468,0
3469,0
3470,0
3471,0
3472,0
3473,0
3474,0
3475,0
3476,0
3477,0
3478,0
3479,0
3480,0
3481,0
3482,0
3483,0
3484,0
3485,0
3486,0
3487,0
3488,0
3489,0
3490,0
3491,0
3492,0
3493,0
3494,0
3495,0
3496,0
3497,0
3498,0
3499,0
3500,0
3501,0
3502,0
3503,0
3504,0
3505,0
3506,0
3507,0
3508,0
3509,0
3510,0
3511,0
3512,0
3513,0
3514,0
3515,0
3516,0
3517,0
3518,0
3519,0
3520,0
3521,0
3522,0
3523,0
3524,0
3525,0
3526,0
3527,0
3528,0
3529,0
3530,0
3531,0
3532,0
3533,0
3534,0
3535,0
3536,0
3537,0
3538,0
3539,0
3540,0
3541,0
3542,0
3543,0
3544,0
3545,0
3546,0
3547,0
3548,0
3549,0
3550,0
3551,0
3552,0
3553,0
3554,0
3555,0
3556,0
3557,0
3558,0
3559,0
3560,0
3561,0
3562,0
3563,0
3564,0
3565,0
3566,0
3567,0
3568,0
3569,0
3570,0
3571,0
3572,0
3573,0
3574,0
3575,0
3576,0
3577,0
3578,0
3579,0
3580,0
3581,0
3582,0
3583,0
3584,0
3585,0
3586,0
3587,0
3588,0
3589,0
3590,0
3591,0
3592,0
3593,0
3594,0
3595,0
3596,0
3597,0
3598,0
3599,0
3600,0
3601,0
3602,0
3603,0
3604,0
3605,0
3606,0
3607,0
3608,0
3609,0
3610,0
3611,0
3612,0
3613,0
3614,0
3615,0
3616,0
3617,0
3618,0
3619,0
3620,0
3621,0
3622,0
3623,0
3624,0
3625,0
3626,0
3627,0
3628,0
3629,0
3630,0
3631,0
3632,0
3633,0
3634,0
3635,0
3636,0
3637,0
3638,0
3639,0
3640,0
3641,0
3642,0
3643,0
3644,0
3645,0
3646,0
3647,0
3648,0
3649,0
3650,0
3651,0
3652,0
3653,0
3654,0
3655,0
3656,0
3657,0
3658,0
3659,0
3660,0
3661,0
3662,0
3663,0
3664,0
3665,0
3666,0
3667,0
3668,0
3669,0
3670,0
3671,0
3672,0
3673,0
3674,0
3675,0
3676,0
3677,0
3678,0
3679,0
3680,0
3681,0
3682,0
3683,0
3684,0
3685,0
3686,0
3687,0
3688,0
3689,0
3690,0
3691,0
3692,0
3693,0
3694,0
3695,0
3696,0
3697,0
3698,0
3699,0
3700,0
3701,0
3702,0
3703,0
3704,0
3705,0
3706,0
3707,0
3708,0
3709,0
3710,0
3711,0
3712,0
3713,0
3714,0
3715,0
3716,0
3717,0
3718,0
3719,0
3720,0
3721,0
3722,0
3723,0
3724,0
3725,0
3726,0
3727,0
3728,0
3729,0
3730,0
3731,0
3732,0
3733,0
3734,0
3735,0
3736,0
3737,0
3738,0
3739,0
3740,0
3741,0
3742,0
3743,0
3744,0
3745,0
3746,0
3747,0
3748,0
3749,0
3750,0
3751,0
3752,0
3753,0
3754,0
3755,0
3756,0
3757,0
3758,0
3759,0
3760,0
3761,0
3762,0
3763,0
3764,0
3765,0
3766,0
3767,0
3768,0
3769,0
3770,0
3771,0
3772,0
3773,0
3774,0
3775,0
3776,0
3777,0
3778,0
3779,0
3780,0
3781,0
3782,0
3783,0
3784,0
3785,0
3786,0
3787,0
3788,0
3789,0
3790,0
3791,0
3792,0
3793,0
3794,0
3795,0
3796,0
3797,0
3798,0
3799,0
3800,0
3801,0
3802,0
3803,0
3804,0
3805,0
3806,0
3807,0
3808,0
3809,0
3810,0
3811,0
3812,0
3813,0
3814,0
3815,0
3816,0
3817,0
3818,0
3819,0
3820,0
3821,0
3822,0
3823,0
3824,0
3825,0
3826,0
3827,0
3828,0
3829,0
3830,0
3831,0
3832,0
3833,0
3834,0
3835,0
3836,0
3837,0
3838,0
3839,0
3840,0
3841,0
3842,0
3843,0
3844,0
3845,0
3846,0
3847,0
3848,0
3849,0
3850,0
3851,0
3852,0
3853,0
3854,0
3855,0
3856,0
3857,0
3858,0
3859,0
3860,0
3861,0
3862,0
3863,0
3864,0
3865,0
3866,0
3867,0
3868,0
3869,0
3870,0
3871,0
3872,0
3873,0
3874,0
3875,0
3876,0
3877,0
3878,0
3879,0
3880,0
3881,0
3882,0
3883,0
3884,0
3885,0
3886,0
3887,0
3888,0
3889,0
3890,0
3891,0
3892,0
3893,0
3894,0
3895,0
3896,0
3897,0
3898,0
3899,0
3900,0
3901,0
3902,0
3903,0
3904,0
3905,0
3906,0
3907,0
3908,0
3909,0
3910,0
3911,0
3912,0
3913,0
3914,0
3915,0
3916,0
3917,0
3918,0
3919,0
3920,0
3921,0
3922,0
3923,0
3924,0
3925,0
3926,0
3927,0
3928,0
3929,0
3930,0
3931,0
3932,0
3933,0
3934,0
3935,0
3936,0
3937,0
3938,0
3939,0
3940,0
3941,0
3942,0
3943,0
3944,0
3945,0
3946,0
3947,0
3948,0
3949,0
3950,0
3951,0
3952,0
3953,0
3954,0
3955,0
3956,0
3957,0
3958,0
3959,0
3960,0
3961,0
3962,0
3963,0
3964,0
3965,0
3966,0
3967,0
3968,0
3969,0
3970,0
3971,0
3972,0
3973,0
3974,0
3975,0
3976,0
3977,0
3978,0
3979,0
3980,0
3981,0
3982,0
3983,0
3984,0
3985,0
3986,0
3987,0
3988,0
3989,0
3990,0
3991,0
3992,0
3993,0
3994,0
3995,0
3996,0
3997,0
3998,0
3999,0
4000,0
4001,0
4002,0
4003,0
4004,0
4005,0
4006,0
4007,0
4008,0
4009,0
4010,0
4011,0
4012,0
4013,0
4014,0
4015,0
4016,0
4017,0
4018,0
4019,0
4020,0
4021,0
4022,0
4023,0
4024,0
4025,0
4026,0
4027,0
4028,0
4029,0
4030,0
4031,0
4032,0
4033,0
4034,0
4035,0
4036,0
4037,0
4038,0
4039,0
4040,0
4041,0
4042,0
4043,0
4044,0
4045,0
4046,0
4047,0
4048,0
4049,0
4050,0
4051,0
4052,0
4053,0
4054,0
4055,0
4056,0
4057,0
4058,0
4059,0
4060,0
4061,0
4062,0
4063,0
4064,0
4065,0
4066,0
4067,0
4068,0
4069,0
4070,0
4071,0
4072,0
4073,0
4074,0
4075,0
4076,0
4077,0
4078,0
4079,0
4080,0
4081,0
4082,0
4083,0
4084,0
4085,0
4086,0
4087,0
4088,0
4089,0
4090,0
4091,0
4092,0
4093,0
4094,0
4095,0
4096,0
4097,0
4098,0
4099,0
4100,0
4101,0
4102,0
4103,0
4104,0
4105,0
4106,0
4107,0
4108,0
4109,0
4110,0
4111,0
4112,0
4113,0
4114,0
4115,0
4116,0
4117,0
4118,0
4119,0
4120,0
4121,0
4122,0
4123,0
4124,0
4125,0
4126,0
4127,0
4128,0
4129,0
4130,0
4131,0
4132,0
4133,0
4134,0
4135,0
4136,0
4137,0
4138,0
4139,0
4140,0
4141,0
4142,0
4143,0
4144,0
4145,0
4146,0
4147,0
4148,0
4149,0
4150,0
4151,0
4152,0
4153,0
4154,0
4155,0
4156,0
4157,0
4158,0
4159,0
4160,0
4161,0
4162,0
4163,0
4164,0
4165,0
4166,0
4167,0
4168,0
4169,0
4170,0
4171,0
4172,0
4173,0
4174,0
4175,0
4176,0
4177,0
4178,0
4179,0
4180,0
4181,0
4182,0
4183,0
4184,0
4185,0
4186,0
4187,0
4188,0
4189,0
4190,0
4191,0
4192,0
4193,0
4194,0
4195,0
4196,0
4197,0
4198,0
4199,0
4200,0
4201,0
4202,0
4203,0
4204,0
4205,0
4206,0
4207,0
4208,0
4209,0
4210,0
4211,0
4212,0
4213,0
4214,0
4215,0
4216,0
4217,0
4218,0
4219,0
4220,0
4221,0
4222,0
4223,0
4224,0
4225,0
4226,0
4227,0
4228,0
4229,0
4230,0
4231,0
4232,0
4233,0
4234,0
4235,0
4236,0
4237,0
4238,0
4239,0
4240,0
4241,0
4242,0
4243,0
4244,0
4245,0
4246,0
4247,0
4248,0
4249,0
4250,0
4251,0
4252,0
4253,0
4254,0
4255,0
4256,0
4257,0
4258,0
4259,0
4260,0
4261,0
4262,0
4263,0
4264,0
4265,0
4266,0
4267,0
4268,0
4269,0
4270,0
4271,0
4272,0
4273,0
4274,0
4275,0
4276,0
4277,0
4278,0
4279,0
4280,0
4281,0
4282,0
4283,0
4284,0
4285,0
4286,1
4287,1
4288,1
4289,1
4290,1
4291,1
4292,1
4293,1
4294,2
4295,2
4296,2
4297,2
4298,2
4299,2
4300,2
4301,2
4302,2
4303,2
4304,2
4305,2
4306,2
4307,2
4308,2
4309,2
4310,2
4311,2
4312,2
4313,2
4314,2
4315,1
4316,1
4317,1
4318,1
4319,1
4320,1
4321,1
4322,1
4323,1
4324,1
4325,1
4326,0
4327,0
4328,0
4329,0
4330,0
4331,0
4332,0
4333,0
4334,0
4335,0
4336,0
4337,0
4338,0
4339,0
4340,0
4341,0
4342,1
4343,2
4344,2
4345,2
4346,2
4347,2
4348,2
4349,2
4350,2
4351,2
4352,2
4353,2
4354,2
4355,2
4356,2
4357,2
4358,2
4359,2
4360,2
4361,2
4362,2
4363,2
4364,2
4365,2
4366,2
4367,2
4368,2
4369,2
4370,2
4371,2
4372,2
4373,2
4374,2
4375,2
4376,2
4377,2
4378,2
4379,2
4380,2
4381,2
4382,2
4383,2
4384,2
4385,2
4386,2
4387,2
4388,2
4389,2
4390,2
4391,2
4392,2
4393,2
4394,2
4395,2
4396,2
4397,2
4398,2
4399,2
4400,2
4401,2
4402,1
4403,1
4404,1
4405,1
4406,1
4407,1
4408,1
4409,1
4410,1
4411,1
4412,1
4413,1
4414,1
4415,1
4416,1
4417,1
4418,1
4419,1
4420,1
4421,1
4422,1
4423,1
4424,1
4425,1
4426,1
4427,1
4428,1
4429,1
4430,1
4431,1
4432,1
4433,1
4434,1
4435,1
4436,1
4437,1
4438,1
4439,1
4440,1
4441,1
4442,1
4443,1
4444,1
4445,1
4446,1
4447,1
4448,1
4449,1
4450,1
4451,1
4452,1
4453,1
4454,1
4455,1
4456,1
4457,1
4458,1
4459,1
4460,1
4461,1
4462,1
4463,1
4464,1
4465,1
4466,1
4467,1
4468,1
4469,1
4470,1
4471,1
4472,1
4473,1
4474,1
4475,1
4476,1
4477,1
4478,1
4479,1
4480,1
4481,1
4482,1
4483,1
4484,1
4485,1
4486,1
4487,1
4488,1
4489,1
4490,1
4491,1
4492,0
4493,0
4494,0
4495,0
4496,0
4497,0
4498,0
4499,0
4500,0
4501,0
4502,0
4503,0
4504,0
4505,0
4506,0
4507,0
4508,0
4509,0
4510,0
4511,0
4512,0
4513,0
4514,0
4515,0
4516,0
4517,0
4518,0
4519,0
4520,0
4521,0
4522,0
4523,0
4524,0
4525,0
4526,0
4527,0
4528,0
4529,0
4530,0
4531,0
4532,0
4533,0
4534,0
4535,0
4536,0
4537,0
4538,0
4539,0
4540,0
4541,0
4542,0
4543,0
4544,0
4545,0
4546,0
4547,0
4548,0
4549,0
4550,0
4551,0
4552,0
4553,0
4554,0
4555,0
4556,1
4557,1
4558,1
4559,1
4560,1
4561,1
4562,1
4563,1
4564,1
4565,1
4566,1
4567,1
4568,1
4569,1
4570,1
4571,1
4572,1
4573,1
4574,1
4575,1
4576,1
4577,1
4578,1
4579,1
4580,1
4581,1
4582,1
4583,1
4584,1
4585,1
4586,1
4587,1
4588,1
4589,1
4590,1
4591,1
4592,1
4593,1
4594,1
4595,1
4596,1
4597,1
4598,1
4599,1
4600,1
4601,1
4602,1
4603,1
4604,1
4605,1
4606,1
4607,1
4608,1
4609,1
4610,1
4611,1
4612,1
4613,1
4614,1
4615,1
4616,1
4617,1
4618,1
4619,1
4620,1
4621,1
4622,1
4623,1
4624,1
4625,1
4626,1
4627,1
4628,1
4629,1
4630,1
4631,1
4632,1
4633,1
4634,1
4635,1
4636,1
4637,1
4638,1
4639,1
4640,1
4641,1
4642,1
4643,1
4644,1
4645,1
4646,1
4647,1
4648,1
4649,1
4650,0
4651,0
4652,0
4653,0
4654,0
4655,0
4656,0
4657,0
4658,0
4659,0
4660,0
4661,0
4662,0
4663,0
4664,0
4665,0
4666,0
4667,0
4668,0
4669,0
4670,0
4671,0
4672,0
4673,0
4674,0
4675,0
4676,0
4677,0
4678,0
4679,0
4680,0
4681,0
4682,0
4683,0
4684,0
4685,0
4686,0
4687,0
4688,0
4689,0
4690,0
4691,0
4692,0
4693,0
4694,0
4695,0
4696,0
4697,0
4698,0
4699,0
4700,0
4701,0
4702,0
4703,0
4704,0
4705,0
4706,0
4707,0
4708,0
4709,0
4710,0
4711,0
4712,0
4713,0
4714,0
4715,0
4716,0
4717,0
4718,0
4719,0
4720,0
4721,0
4722,0
4723,0
4724,0
4725,0
4726,0
4727,0
4728,0
4729,0
4730,0
4731,0
4732,0
4733,0
4734,0
4735,0
4736,0
4737,0
4738,0
4739,0
4740,0
4741,0
4742,0
4743,0
4744,0
4745,0
4746,0
4747,0
4748,0
4749,0
4750,0
4751,0
4752,0
4753,0
4754,0
4755,0
4756,0
4757,0
4758,0
4759,0
4760,0
4761,0
4762,0
4763,0
4764,0
4765,0
4766,0
4767,0
4768,0
4769,0
4770,0
4771,0
4772,0
4773,0
4774,0
4775,0
4776,0
4777,0
4778,0
4779,0
4780,0
4781,0
4782,0
4783,0
4784,0
4785,0
4786,0
4787,0
4788,0
4789,0
4790,0
4791,0
4792,0
4793,0
4794,0
4795,0
4796,0
4797,0
4798,0
4799,0
4800,0
4801,0
4802,0
4803,0
4804,0
4805,0
4806,0
4807,0
4808,0
4809,0
4810,0
4811,0
4812,0
4813,0
4814,0
4815,0
4816,0
4817,0
4818,0
4819,0
4820,0
4821,0
4822,0
4823,0
4824,0
4825,0
4826,0
4827,0
4828,0
4829,0
4830,0
4831,0
4832,0
4833,0
4834,0
4835,0
4836,0
4837,0
4838,0
4839,0
4840,0
4841,0
4842,0
4843,0
4844,0
4845,0
