1,0
2,0
3,0
4,0
5,0
6,0
7,0
8,0
9,0
10,0
11,0
12,0
13,0
14,0
15,0
16,0
17,0
18,0
19,0
20,0
21,0
22,0
23,0
24,0
25,0
26,0
27,0
28,0
29,0
30,0
31,0
32,0
33,0
34,0
35,0
36,0
37,0
38,0
39,0
40,0
41,0
42,0
43,0
44,0
45,0
46,0
47,0
48,0
49,0
50,0
51,0
52,0
53,0
54,0
55,0
56,0
57,0
58,0
59,0
60,0
61,0
62,0
63,0
64,0
65,0
66,0
67,0
68,0
69,0
70,0
71,0
72,0
73,0
74,0
75,0
76,0
77,0
78,0
79,0
80,0
81,0
82,0
83,0
84,0
85,0
86,0
87,0
88,0
89,0
90,0
91,0
92,0
93,0
94,0
95,0
96,0
97,0
98,0
99,0
100,0
101,0
102,0
103,0
104,0
105,0
106,0
107,0
108,0
109,0
110,0
111,0
112,0
113,0
114,0
115,0
116,0
117,0
118,0
119,0
120,0
121,0
122,0
123,0
124,0
125,0
126,0
127,0
128,0
129,0
130,0
131,0
132,0
133,0
134,0
135,0
136,0
137,0
138,0
139,0
140,0
141,0
142,0
143,0
144,0
145,0
146,0
147,0
148,0
149,0
150,0
151,0
152,0
153,0
154,0
155,0
156,0
157,0
158,0
159,0
160,0
161,0
162,0
163,0
164,0
165,0
166,0
167,0
168,0
169,0
170,0
171,0
172,0
173,0
174,0
175,0
176,0
177,0
178,0
179,0
180,0
181,0
182,0
183,0
184,0
185,0
186,0
187,0
188,0
189,0
190,0
191,0
192,0
193,0
194,0
195,0
196,0
197,0
198,0
199,0
200,0
201,0
202,0
203,0
204,0
205,0
206,0
207,0
208,0
209,0
210,0
211,0
212,0
213,0
214,0
215,0
216,0
217,0
218,0
219,0
220,0
221,0
222,0
223,0
224,0
225,0
226,0
227,0
228,0
229,0
230,0
231,0
232,0
233,0
234,0
235,0
236,0
237,0
238,0
239,0
240,0
241,0
242,0
243,0
244,0
245,0
246,0
247,0
248,0
249,0
250,0
251,0
252,0
253,0
254,0
255,0
256,0
257,0
258,0
259,0
260,0
261,0
262,0
263,0
264,0
265,0
266,0
267,0
268,0
269,0
270,0
271,0
272,0
273,0
274,0
275,0
276,0
277,0
278,0
279,0
280,0
281,0
282,0
283,0
284,0
285,0
286,0
287,0
288,0
289,0
290,0
291,0
292,0
293,0
294,0
295,0
296,0
297,0
298,0
299,0
300,0
301,0
302,0
303,0
304,0
305,0
306,0
307,0
308,0
309,0
310,0
311,0
312,0
313,0
314,0
315,0
316,0
317,0
318,0
319,0
320,0
321,0
322,0
323,0
324,0
325,0
326,0
327,0
328,0
329,0
330,0
331,0
332,0
333,0
334,0
335,0
336,0
337,0
338,0
339,0
340,0
341,0
342,0
343,0
344,0
345,0
346,0
347,0
348,0
349,0
350,0
351,0
352,0
353,0
354,0
355,0
356,0
357,0
358,0
359,0
360,0
361,0
362,0
363,0
364,0
365,0
366,0
367,0
368,0
369,0
370,0
371,0
372,0
373,0
374,0
375,0
376,0
377,0
378,0
379,0
380,0
381,0
382,0
383,0
384,0
385,0
386,0
387,0
388,0
389,0
390,0
391,0
392,0
393,0
394,0
395,0
396,0
397,0
398,0
399,0
400,0
401,0
402,0
403,0
404,0
405,0
406,0
407,0
408,0
409,0
410,0
411,0
412,0
413,0
414,0
415,0
416,0
417,0
418,0
419,0
420,0
421,0
422,0
423,0
424,0
425,0
426,0
427,0
428,0
429,0
430,0
431,0
432,0
433,0
434,0
435,0
436,0
437,0
438,0
439,0
440,0
441,0
442,0
443,0
444,0
445,0
446,0
447,0
448,0
449,0
450,0
451,0
452,0
453,0
454,0
455,0
456,0
457,0
458,0
459,0
460,0
461,0
462,0
463,0
464,0
465,0
466,0
467,0
468,0
469,0
470,0
471,0
472,0
473,0
474,0
475,0
476,0
477,0
478,0
479,0
480,0
481,0
482,0
483,0
484,0
485,0
486,0
487,0
488,0
489,0
490,0
491,0
492,0
493,0
494,0
495,0
496,0
497,0
498,0
499,0
500,0
501,0
502,0
503,0
504,0
505,0
506,0
507,0
508,0
509,0
510,0
511,0
512,0
513,0
514,0
515,0
516,0
517,0
518,0
519,0
520,0
521,0
522,0
523,0
524,0
525,0
526,0
527,0
528,0
529,0
530,0
531,0
532,0
533,0
534,0
535,0
536,0
537,0
538,0
539,0
540,0
541,0
542,0
543,0
544,0
545,0
546,0
547,0
548,0
549,0
550,0
551,0
552,0
553,0
554,0
555,0
556,0
557,0
558,0
559,0
560,0
561,0
562,0
563,0
564,0
565,0
566,0
567,0
568,0
569,0
570,0
571,0
572,0
573,0
574,0
575,0
576,0
577,0
578,0
579,0
580,0
581,0
582,0
583,0
584,0
585,0
586,0
587,0
588,0
589,0
590,0
591,0
592,0
593,0
594,0
595,0
596,0
597,0
598,0
599,0
600,0
601,0
602,0
603,0
604,0
605,0
606,0
607,0
608,0
609,0
610,0
611,0
612,0
613,0
614,0
615,0
616,0
617,0
618,0
619,0
620,0
621,0
622,0
623,0
624,0
625,0
626,0
627,0
628,0
629,0
630,0
631,0
632,0
633,0
634,0
635,0
636,0
637,0
638,0
639,0
640,0
641,0
642,0
643,0
644,0
645,0
646,0
647,0
648,0
649,0
650,0
651,0
652,0
653,0
654,0
655,0
656,0
657,0
658,0
659,0
660,0
661,0
662,0
663,0
664,0
665,0
666,0
667,0
668,0
669,0
670,0
671,0
672,0
673,0
674,0
675,0
676,0
677,0
678,0
679,0
680,0
681,0
682,0
683,0
684,0
685,0
686,0
687,0
688,0
689,0
690,0
691,0
692,0
693,0
694,0
695,0
696,0
697,0
698,0
699,0
700,0
701,0
702,0
703,0
704,0
705,0
706,0
707,0
708,0
709,0
710,0
711,0
712,0
713,0
714,0
715,0
716,0
717,0
718,0
719,0
720,0
721,0
722,0
723,0
724,0
725,0
726,0
727,0
728,0
729,0
730,0
731,0
732,0
733,0
734,0
735,0
736,0
737,0
738,0
739,0
740,0
741,0
742,0
743,0
744,0
745,0
746,0
747,0
748,0
749,0
750,0
751,0
752,0
753,0
754,0
755,0
756,0
757,0
758,0
759,0
760,0
761,0
762,0
763,0
764,0
765,0
766,0
767,0
768,0
769,0
770,0
771,0
772,0
773,0
774,0
775,0
776,0
777,0
778,0
779,0
780,0
781,0
782,0
783,0
784,0
785,0
786,0
787,0
788,0
789,0
790,0
791,0
792,0
793,0
794,0
795,0
796,0
797,0
798,0
799,0
800,0
801,0
802,0
803,0
804,0
805,0
806,0
807,0
808,0
809,0
810,0
811,0
812,0
813,0
814,0
815,0
816,0
817,0
818,0
819,0
820,0
821,0
822,0
823,0
824,0
825,0
826,0
827,0
828,0
829,0
830,0
831,0
832,0
833,0
834,0
835,0
836,0
837,0
838,0
839,0
840,0
841,0
842,0
843,0
844,0
845,0
846,0
847,0
848,0
849,0
850,0
851,0
852,0
853,0
854,0
855,0
856,0
857,0
858,0
859,0
860,0
861,0
862,0
863,0
864,0
865,0
866,0
867,0
868,0
869,0
870,0
871,0
872,0
873,0
874,0
875,0
876,0
877,0
878,0
879,0
880,0
881,0
882,0
883,0
884,0
885,0
886,0
887,0
888,0
889,0
890,0
891,0
892,0
893,0
894,0
895,0
896,0
897,0
898,0
899,0
900,0
901,0
902,0
903,0
904,0
905,0
906,0
907,0
908,0
909,0
910,0
911,0
912,0
913,0
914,0
915,0
916,0
917,0
918,0
919,0
920,0
921,0
922,0
923,0
924,0
925,0
926,0
927,0
928,0
929,0
930,0
931,0
932,0
933,0
934,0
935,0
936,0
937,0
938,0
939,0
940,0
941,0
942,0
943,0
944,0
945,0
946,0
947,0
948,0
949,0
950,0
951,0
952,0
953,0
954,0
955,0
956,0
957,0
958,0
959,0
960,0
961,0
962,0
963,0
964,0
965,0
966,0
967,0
968,0
969,0
970,0
971,0
972,0
973,0
974,0
975,0
976,0
977,0
978,0
979,0
980,0
981,0
982,0
983,0
984,0
985,0
986,0
987,0
988,0
989,0
990,0
991,0
992,0
993,0
994,0
995,0
996,0
997,0
998,0
999,0
1000,0
1001,0
1002,0
1003,0
1004,0
1005,0
1006,0
1007,0
1008,0
1009,0
1010,0
1011,0
1012,0
1013,0
1014,0
1015,0
1016,0
1017,0
1018,0
1019,0
1020,0
1021,0
1022,0
1023,0
1024,0
1025,0
1026,0
1027,0
1028,0
1029,0
1030,0
1031,0
1032,0
1033,0
1034,0
1035,0
1036,0
1037,0
1038,0
1039,0
1040,0
1041,0
1042,0
1043,0
1044,0
1045,0
1046,0
1047,0
1048,0
1049,0
1050,0
1051,0
1052,0
1053,0
1054,0
1055,0
1056,0
1057,0
1058,0
1059,0
1060,0
1061,0
1062,0
1063,0
1064,0
1065,0
1066,0
1067,0
1068,0
1069,0
1070,0
1071,0
1072,0
1073,0
1074,0
1075,0
1076,0
1077,0
1078,0
1079,0
1080,0
1081,0
1082,0
1083,0
1084,0
1085,0
1086,0
1087,0
1088,0
1089,0
1090,0
1091,0
1092,0
1093,0
1094,0
1095,0
1096,0
1097,0
1098,0
1099,0
1100,0
1101,0
1102,0
1103,0
1104,0
1105,0
1106,0
1107,0
1108,0
1109,0
1110,0
1111,0
1112,0
1113,0
1114,0
1115,0
1116,0
1117,0
1118,0
1119,0
1120,0
1121,0
1122,0
1123,0
1124,0
1125,0
1126,0
1127,0
1128,0
1129,0
1130,0
1131,0
1132,0
1133,0
1134,0
1135,0
1136,0
1137,0
1138,0
1139,0
1140,0
1141,0
1142,0
1143,0
1144,0
1145,0
1146,0
1147,0
1148,0
1149,0
1150,0
1151,0
1152,0
1153,0
1154,0
1155,0
1156,0
1157,0
1158,0
1159,0
1160,0
1161,0
1162,0
1163,0
1164,0
1165,0
1166,0
1167,0
1168,0
1169,0
1170,0
1171,0
1172,0
1173,0
1174,0
1175,0
1176,0
1177,0
1178,0
1179,0
1180,0
1181,0
1182,0
1183,0
1184,0
1185,0
1186,0
1187,0
1188,0
1189,0
1190,0
1191,0
1192,0
1193,0
1194,0
1195,0
1196,0
1197,0
1198,0
1199,0
1200,0
1201,0
1202,0
1203,0
1204,0
1205,0
1206,0
1207,0
1208,0
1209,0
1210,0
1211,0
1212,0
1213,0
1214,0
1215,0
1216,0
1217,0
1218,0
1219,0
1220,0
1221,0
1222,0
1223,0
1224,0
1225,0
1226,0
1227,0
1228,0
1229,0
1230,0
1231,0
1232,0
1233,0
1234,0
1235,0
1236,0
1237,0
1238,0
1239,0
1240,0
1241,0
1242,0
1243,0
1244,0
1245,0
1246,0
1247,0
1248,0
1249,0
1250,0
1251,0
1252,0
1253,0
1254,0
1255,0
1256,0
1257,0
1258,0
1259,0
1260,0
1261,0
1262,0
1263,0
1264,0
1265,0
1266,0
1267,0
1268,0
1269,0
1270,0
1271,0
1272,0
1273,0
1274,0
1275,0
1276,0
1277,0
1278,0
1279,0
1280,0
1281,0
1282,0
1283,0
1284,0
1285,0
1286,0
1287,0
1288,0
1289,0
1290,0
1291,0
1292,0
1293,0
1294,0
1295,0
1296,0
1297,0
1298,0
1299,0
1300,0
1301,0
1302,0
1303,0
1304,0
1305,0
1306,0
1307,0
1308,0
1309,0
1310,0
1311,0
1312,0
1313,0
1314,0
1315,0
1316,0
1317,0
1318,0
1319,0
1320,0
1321,0
1322,0
1323,0
1324,0
1325,0
1326,0
1327,0
1328,0
1329,0
1330,0
1331,0
1332,0
1333,0
1334,0
1335,0
1336,0
1337,0
1338,0
1339,0
1340,0
1341,0
1342,0
1343,0
1344,0
1345,0
1346,0
1347,0
1348,0
1349,0
1350,0
1351,0
1352,0
1353,0
1354,0
1355,0
1356,0
1357,0
1358,0
1359,0
1360,0
1361,0
1362,0
1363,0
1364,0
1365,0
1366,0
1367,0
1368,0
1369,0
1370,0
1371,0
1372,0
1373,0
1374,0
1375,0
1376,0
1377,0
1378,0
1379,0
1380,0
1381,0
1382,0
1383,0
1384,0
1385,0
1386,0
1387,0
1388,0
1389,0
1390,0
1391,0
1392,0
1393,0
1394,0
1395,0
1396,0
1397,0
1398,0
1399,0
1400,0
1401,0
1402,0
1403,0
1404,0
1405,0
1406,0
1407,0
1408,0
1409,0
1410,0
1411,0
1412,0
1413,0
1414,0
1415,0
1416,0
1417,0
1418,0
1419,0
1420,0
1421,0
1422,0
1423,0
1424,0
1425,0
1426,0
1427,0
1428,0
1429,0
1430,0
1431,0
1432,0
1433,0
1434,0
1435,0
1436,0
1437,0
1438,0
1439,1
1440,1
1441,2
1442,2
1443,2
1444,2
1445,2
1446,2
1447,2
1448,2
1449,2
1450,2
1451,2
1452,2
1453,2
1454,2
1455,2
1456,2
1457,2
1458,2
1459,2
1460,2
1461,2
1462,2
1463,2
1464,2
1465,2
1466,2
1467,2
1468,2
1469,2
1470,2
1471,2
1472,2
1473,2
1474,2
1475,2
1476,2
1477,2
1478,2
1479,3
1480,3
1481,3
1482,3
1483,3
1484,3
1485,3
1486,3
1487,3
1488,3
1489,3
1490,3
1491,3
1492,3
1493,3
1494,3
1495,3
1496,3
1497,3
1498,3
1499,3
1500,3
1501,3
1502,3
1503,3
1504,3
1505,3
1506,3
1507,3
1508,3
1509,3
1510,3
1511,3
1512,3
1513,3
1514,3
1515,3
1516,3
1517,3
1518,3
1519,3
1520,3
1521,3
1522,3
1523,3
1524,3
1525,3
1526,3
1527,3
1528,3
1529,3
1530,3
1531,3
1532,3
1533,4
1534,4
1535,4
1536,4
1537,5
1538,5
1539,5
1540,5
1541,5
1542,5
1543,5
1544,5
1545,5
1546,5
1547,5
1548,5
1549,5
1550,5
1551,5
1552,5
1553,5
1554,5
1555,5
1556,5
1557,5
1558,5
1559,5
1560,5
1561,5
1562,5
1563,5
1564,5
1565,5
1566,5
1567,5
1568,5
1569,5
1570,4
1571,4
1572,4
1573,4
1574,4
1575,4
1576,4
1577,4
1578,4
1579,4
1580,4
1581,4
1582,4
1583,4
1584,4
1585,4
1586,4
1587,4
1588,4
1589,4
1590,4
1591,4
1592,3
1593,3
1594,3
1595,3
1596,3
1597,3
1598,3
1599,3
1600,3
1601,3
1602,3
1603,3
1604,3
1605,3
1606,3
1607,3
1608,3
1609,3
1610,3
1611,3
1612,3
1613,3
1614,3
1615,3
1616,3
1617,3
1618,3
1619,3
1620,3
1621,3
1622,3
1623,3
1624,3
1625,3
1626,3
1627,3
1628,3
1629,3
1630,3
1631,3
1632,3
1633,3
1634,3
1635,3
1636,3
1637,3
1638,3
1639,3
1640,3
1641,3
1642,3
1643,3
1644,3
1645,3
1646,3
1647,3
1648,3
1649,3
1650,3
1651,3
1652,3
1653,3
1654,3
1655,3
1656,3
1657,3
1658,3
1659,3
1660,3
1661,3
1662,3
1663,2
1664,2
1665,2
1666,2
1667,2
1668,2
1669,2
1670,2
1671,2
1672,2
1673,2
1674,2
1675,2
1676,2
1677,2
1678,2
1679,2
1680,2
1681,3
1682,3
1683,4
1684,4
1685,4
1686,4
1687,4
1688,4
1689,5
1690,5
1691,5
1692,5
1693,5
1694,5
1695,5
1696,4
1697,4
1698,4
1699,4
1700,4
1701,4
1702,4
1703,4
1704,4
1705,4
1706,3
1707,3
1708,3
1709,3
1710,3
1711,3
1712,3
1713,3
1714,3
1715,3
1716,3
1717,3
1718,3
1719,3
1720,3
1721,3
1722,3
1723,3
1724,3
1725,3
1726,3
1727,3
1728,3
1729,3
1730,3
1731,3
1732,3
1733,3
1734,3
1735,3
1736,3
1737,3
1738,3
1739,3
1740,3
1741,3
1742,3
1743,3
1744,3
1745,3
1746,3
1747,3
1748,3
1749,3
1750,3
1751,3
1752,3
1753,3
1754,3
1755,3
1756,3
1757,3
1758,3
1759,3
1760,3
1761,3
1762,3
1763,3
1764,3
1765,3
1766,3
1767,3
1768,3
1769,3
1770,3
1771,3
1772,3
1773,2
1774,2
1775,2
1776,2
1777,2
1778,2
1779,2
1780,2
1781,2
1782,1
1783,1
1784,1
1785,1
1786,1
1787,0
1788,0
1789,0
1790,0
1791,0
1792,0
1793,0
1794,0
1795,0
1796,0
1797,0
1798,0
1799,0
1800,0
1801,0
1802,0
1803,0
1804,0
1805,0
1806,0
1807,0
1808,0
1809,0
1810,0
1811,0
1812,0
1813,0
1814,0
1815,0
1816,0
1817,0
1818,0
1819,0
1820,0
1821,0
1822,0
1823,0
1824,0
1825,0
1826,0
1827,0
1828,0
1829,0
1830,0
1831,0
1832,0
1833,0
1834,0
1835,0
1836,0
1837,0
1838,0
1839,0
1840,0
1841,0
1842,0
1843,0
1844,0
1845,0
1846,0
1847,0
1848,0
1849,0
1850,0
1851,0
1852,0
1853,0
1854,0
1855,0
1856,0
1857,0
1858,0
1859,0
1860,0
1861,0
1862,0
1863,0
1864,0
1865,0
1866,0
1867,0
1868,0
1869,0
1870,0
1871,0
1872,0
1873,0
1874,0
1875,0
1876,0
1877,0
1878,0
1879,0
1880,0
1881,0
1882,0
1883,0
1884,0
1885,0
1886,0
1887,0
1888,0
1889,0
1890,0
1891,0
1892,0
1893,0
1894,0
1895,0
1896,0
1897,0
1898,0
1899,0
1900,0
1901,0
1902,0
1903,0
1904,0
1905,0
1906,0
1907,0
1908,0
1909,0
1910,0
1911,0
1912,0
1913,0
1914,0
1915,0
1916,0
1917,0
1918,0
1919,0
1920,0
1921,0
1922,0
1923,0
1924,0
1925,0
1926,0
1927,0
1928,0
1929,0
1930,0
1931,0
1932,0
1933,0
1934,0
1935,0
1936,0
1937,0
1938,0
1939,0
1940,0
1941,0
1942,0
1943,0
1944,0
1945,0
1946,0
1947,0
1948,0
1949,0
1950,0
1951,0
1952,0
1953,0
1954,0
1955,0
1956,0
1957,0
1958,0
1959,0
1960,0
1961,0
1962,0
1963,0
1964,0
1965,0
1966,0
1967,1
1968,2
1969,3
1970,3
1971,3
1972,3
1973,4
1974,4
1975,4
1976,4
1977,4
1978,4
1979,4
1980,4
1981,4
1982,4
1983,4
1984,4
1985,4
1986,4
1987,4
1988,4
1989,4
1990,4
1991,4
1992,4
1993,4
1994,4
1995,4
1996,4
1997,4
1998,4
1999,4
2000,4
2001,4
2002,4
2003,4
2004,4
2005,4
2006,4
2007,4
2008,4
2009,4
2010,4
2011,3
2012,3
2013,3
2014,3
2015,3
2016,3
2017,3
2018,3
2019,3
2020,3
2021,3
2022,3
2023,3
2024,3
2025,3
2026,3
2027,3
2028,3
2029,3
2030,3
2031,3
2032,3
2033,3
2034,3
2035,3
2036,3
2037,3
2038,3
2039,2
2040,2
2041,2
2042,2
2043,2
2044,2
2045,2
2046,2
2047,2
2048,2
2049,2
2050,2
2051,2
2052,2
2053,2
2054,1
2055,1
2056,1
2057,1
2058,1
2059,1
2060,1
2061,0
2062,0
2063,0
2064,0
2065,0
2066,0
2067,0
2068,0
2069,0
2070,0
2071,0
2072,0
2073,0
2074,0
2075,0
2076,0
2077,0
2078,0
2079,0
2080,0
2081,0
2082,0
2083,0
2084,0
2085,0
2086,0
2087,0
2088,0
2089,0
2090,0
2091,0
2092,0
2093,0
2094,0
2095,0
2096,0
2097,0
2098,0
2099,0
2100,0
2101,0
2102,0
2103,0
2104,0
2105,0
2106,0
2107,0
2108,0
2109,0
2110,0
2111,0
2112,0
2113,0
2114,0
2115,0
2116,0
2117,0
2118,0
2119,0
2120,0
2121,0
2122,0
2123,0
2124,0
2125,0
2126,0
2127,0
2128,0
2129,0
2130,0
2131,0
2132,0
2133,0
2134,0
2135,0
2136,0
2137,0
2138,0
2139,0
2140,0
2141,0
2142,0
2143,0
2144,0
2145,0
2146,0
2147,0
2148,0
2149,0
2150,0
2151,0
2152,0
2153,0
2154,0
2155,0
2156,0
2157,0
2158,0
2159,0
2160,0
2161,0
2162,0
2163,0
2164,0
2165,0
2166,0
2167,0
2168,0
2169,0
2170,0
2171,0
2172,0
2173,0
2174,0
2175,0
2176,0
2177,0
2178,0
2179,0
2180,0
2181,0
2182,0
2183,0
2184,0
2185,0
2186,0
2187,0
2188,0
2189,0
2190,0
2191,0
2192,0
2193,0
2194,0
2195,0
2196,0
2197,0
2198,0
2199,0
2200,0
2201,0
2202,0
2203,0
2204,0
2205,0
2206,0
2207,0
2208,0
2209,0
2210,0
2211,0
2212,0
2213,0
2214,0
2215,1
2216,1
2217,2
2218,3
2219,3
2220,4
2221,4
2222,4
2223,4
2224,4
2225,4
2226,4
2227,4
2228,4
2229,4
2230,4
2231,4
2232,4
2233,4
2234,4
2235,4
2236,4
2237,4
2238,4
2239,3
2240,3
2241,3
2242,3
2243,3
2244,3
2245,3
2246,3
2247,3
2248,3
2249,3
2250,3
2251,3
2252,3
2253,3
2254,3
2255,3
2256,3
2257,3
2258,3
2259,3
2260,3
2261,3
2262,3
2263,3
2264,3
2265,3
2266,3
2267,3
2268,3
2269,3
2270,3
2271,3
2272,3
2273,3
2274,3
2275,3
2276,3
2277,3
2278,3
2279,3
2280,3
2281,3
2282,3
2283,3
2284,3
2285,3
2286,3
2287,3
2288,3
2289,3
2290,3
2291,3
2292,3
2293,3
2294,3
2295,3
2296,3
2297,3
2298,3
2299,3
2300,3
2301,3
2302,3
2303,3
2304,3
2305,3
2306,3
2307,3
2308,3
2309,3
2310,3
2311,3
2312,3
2313,3
2314,3
2315,3
2316,3
2317,3
2318,3
2319,3
2320,3
2321,3
2322,3
2323,3
2324,3
2325,3
2326,3
2327,3
2328,3
2329,3
2330,3
2331,3
2332,3
2333,3
2334,2
2335,2
2336,2
2337,2
2338,2
2339,1
2340,1
2341,1
2342,1
2343,1
2344,1
2345,0
2346,0
2347,0
2348,0
2349,0
2350,0
2351,0
2352,0
2353,0
2354,0
2355,0
2356,0
2357,0
2358,0
2359,0
2360,0
2361,0
2362,0
2363,0
2364,0
2365,0
2366,0
2367,0
2368,0
2369,0
2370,0
2371,0
2372,0
2373,0
2374,0
2375,0
2376,0
2377,0
2378,0
2379,0
2380,0
2381,0
2382,0
2383,0
2384,0
2385,0
2386,0
2387,0
2388,0
2389,0
2390,0
2391,0
2392,0
2393,0
2394,0
2395,0
2396,0
2397,0
2398,0
2399,0
2400,0
2401,0
2402,0
2403,0
2404,0
2405,0
2406,1
2407,1
2408,2
2409,2
2410,2
2411,3
2412,3
2413,3
2414,3
2415,3
2416,3
2417,3
2418,3
2419,3
2420,3
2421,3
2422,3
2423,3
2424,3
2425,3
2426,3
2427,3
2428,3
2429,3
2430,3
2431,3
2432,3
2433,3
2434,2
2435,2
2436,2
2437,2
2438,2
2439,2
2440,2
2441,1
2442,1
2443,1
2444,1
2445,1
2446,1
2447,1
2448,0
2449,0
2450,0
2451,0
2452,0
2453,0
2454,0
2455,0
2456,0
2457,0
2458,0
2459,0
2460,0
2461,0
2462,0
2463,0
2464,0
2465,0
2466,0
2467,0
2468,0
2469,0
2470,0
2471,0
2472,0
2473,0
2474,0
2475,0
2476,0
2477,0
2478,0
2479,0
2480,0
2481,0
2482,0
2483,0
2484,0
2485,0
2486,0
2487,0
2488,0
2489,0
2490,0
2491,0
2492,0
2493,0
2494,0
2495,0
2496,0
2497,0
2498,0
2499,0
2500,0
2501,0
2502,0
2503,0
2504,0
2505,0
2506,0
2507,0
2508,0
2509,0
2510,0
2511,0
2512,0
2513,0
2514,0
2515,0
2516,0
2517,0
2518,0
2519,0
2520,0
2521,0
2522,0
2523,0
2524,0
2525,0
2526,0
2527,0
2528,0
2529,0
2530,0
2531,0
2532,0
2533,0
2534,0
2535,0
2536,0
2537,0
2538,0
2539,0
2540,0
2541,0
2542,0
2543,0
2544,0
2545,0
2546,0
2547,0
2548,0
2549,0
2550,0
2551,0
2552,0
2553,0
2554,0
2555,0
2556,0
2557,0
2558,0
2559,0
2560,0
2561,0
2562,0
2563,0
2564,0
2565,0
2566,0
2567,0
2568,0
2569,0
2570,0
2571,0
2572,0
2573,0
2574,0
2575,0
2576,0
2577,0
2578,0
2579,0
2580,0
2581,0
2582,0
2583,0
2584,0
2585,0
2586,0
2587,0
2588,0
2589,0
2590,0
2591,0
2592,0
2593,0
2594,0
2595,0
2596,0
2597,0
2598,0
2599,0
2600,0
2601,0
2602,0
2603,0
2604,0
2605,0
2606,0
2607,0
2608,0
2609,0
2610,0
2611,0
2612,0
2613,0
2614,0
2615,0
2616,0
2617,0
2618,0
2619,0
2620,0
2621,0
2622,0
2623,0
2624,0
2625,0
2626,0
2627,0
2628,0
2629,0
2630,0
2631,0
2632,0
2633,0
2634,0
2635,0
2636,0
2637,0
2638,0
2639,0
2640,0
2641,0
2642,0
2643,0
2644,0
2645,0
2646,0
2647,0
2648,0
2649,0
2650,0
2651,0
2652,0
2653,0
2654,0
2655,0
2656,0
2657,0
2658,0
2659,0
2660,0
2661,0
2662,0
2663,0
2664,0
2665,0
2666,0
2667,0
2668,0
2669,0
2670,0
2671,0
2672,0
2673,0
2674,0
2675,0
2676,0
2677,0
2678,0
2679,0
2680,0
2681,0
2682,0
2683,0
2684,0
2685,0
2686,0
2687,0
2688,0
2689,0
2690,0
2691,0
2692,0
2693,0
2694,0
2695,0
2696,0
2697,0
2698,0
2699,0
2700,0
2701,0
2702,0
2703,0
2704,0
2705,0
2706,0
2707,0
2708,0
2709,0
2710,0
2711,0
2712,0
2713,0
2714,0
2715,0
2716,0
2717,0
2718,0
2719,0
2720,0
2721,0
2722,0
2723,0
2724,0
2725,0
2726,0
2727,0
2728,0
2729,0
2730,0
2731,0
2732,0
2733,0
2734,0
2735,0
2736,0
2737,0
2738,0
2739,0
2740,0
2741,0
2742,0
2743,0
2744,0
2745,0
2746,0
2747,0
2748,0
2749,0
2750,0
2751,0
2752,0
2753,0
2754,0
2755,0
2756,0
2757,0
2758,0
2759,0
2760,0
2761,0
2762,0
2763,0
2764,0
2765,0
2766,0
2767,0
2768,0
2769,0
2770,0
2771,0
2772,0
2773,0
2774,0
2775,0
2776,0
2777,0
2778,0
2779,0
2780,0
2781,0
2782,0
2783,0
2784,0
2785,0
2786,0
2787,0
2788,0
2789,0
2790,0
2791,0
2792,0
2793,0
2794,0
2795,0
2796,0
2797,0
2798,0
2799,0
2800,0
2801,0
2802,0
2803,0
2804,0
2805,0
2806,0
2807,0
2808,0
2809,0
2810,0
2811,0
2812,0
2813,0
2814,0
2815,0
2816,0
2817,0
2818,0
2819,0
2820,0
2821,0
2822,0
2823,0
2824,0
2825,0
2826,0
2827,0
2828,0
2829,0
2830,0
2831,0
2832,0
2833,0
2834,0
2835,0
2836,0
2837,0
2838,0
2839,0
2840,0
2841,0
2842,0
2843,0
2844,0
2845,0
2846,0
2847,0
2848,0
2849,0
2850,0
2851,0
2852,0
2853,0
2854,0
2855,0
2856,0
2857,0
2858,0
2859,0
2860,0
2861,0
2862,0
2863,0
2864,0
2865,0
2866,0
2867,0
2868,0
2869,0
2870,0
2871,0
2872,0
2873,0
2874,0
2875,0
2876,0
2877,0
2878,0
2879,0
2880,0
2881,0
2882,0
2883,0
2884,0
2885,0
2886,0
2887,0
2888,0
2889,0
2890,0
2891,0
2892,0
2893,0
2894,0
2895,0
2896,0
2897,0
2898,0
2899,0
2900,0
2901,0
2902,0
2903,0
2904,0
2905,0
2906,0
2907,0
2908,0
2909,0
2910,0
2911,0
2912,0
2913,0
2914,0
2915,0
2916,0
2917,0
2918,0
2919,0
2920,0
2921,0
2922,0
2923,0
2924,0
2925,0
2926,0
2927,0
2928,0
2929,0
2930,0
2931,0
2932,0
2933,0
2934,0
2935,0
2936,0
2937,0
2938,0
2939,0
2940,0
2941,0
2942,0
2943,0
2944,0
2945,0
2946,0
2947,0
2948,0
2949,0
2950,0
2951,0
2952,0
2953,0
2954,0
2955,0
2956,0
2957,0
2958,0
2959,0
2960,0
2961,0
2962,0
2963,0
2964,0
2965,0
2966,0
2967,0
2968,0
2969,0
2970,0
2971,0
2972,0
2973,0
2974,0
2975,0
2976,0
2977,0
2978,0
2979,0
2980,0
2981,0
2982,0
2983,0
2984,0
2985,0
2986,0
2987,0
2988,0
2989,0
2990,0
2991,0
2992,0
2993,0
2994,0
2995,0
2996,0
2997,0
2998,0
2999,0
3000,0
3001,0
3002,0
3003,0
3004,0
3005,0
3006,0
3007,0
3008,0
3009,0
3010,0
3011,0
3012,0
3013,0
3014,0
3015,0
3016,0
3017,0
3018,0
3019,0
3020,0
3021,0
3022,0
3023,0
3024,0
3025,0
3026,0
3027,0
3028,0
3029,0
3030,0
3031,0
3032,0
3033,0
3034,0
3035,0
3036,0
3037,0
3038,0
3039,0
3040,0
3041,0
3042,0
3043,0
3044,0
3045,0
3046,0
3047,0
3048,0
3049,0
3050,0
3051,0
3052,0
3053,0
3054,0
3055,0
3056,0
3057,0
3058,0
3059,0
3060,0
3061,0
3062,0
3063,0
3064,0
3065,0
3066,0
3067,0
3068,0
3069,0
3070,0
3071,0
3072,0
3073,0
3074,0
3075,0
3076,0
3077,0
3078,0
3079,0
3080,0
3081,0
3082,0
3083,0
3084,0
3085,0
3086,0
3087,0
3088,0
3089,0
3090,0
3091,0
3092,0
3093,0
3094,0
3095,0
3096,0
3097,0
3098,0
3099,0
3100,0
3101,0
3102,0
3103,0
3104,0
3105,0
3106,0
3107,0
3108,0
3109,0
3110,0
3111,0
3112,0
3113,0
3114,0
3115,0
3116,0
3117,0
3118,0
3119,0
3120,0
3121,0
3122,0
3123,0
3124,0
3125,0
3126,0
3127,0
3128,0
3129,0
3130,0
3131,0
3132,0
3133,0
3134,0
3135,0
3136,0
3137,0
3138,0
3139,0
3140,0
3141,0
3142,0
3143,0
3144,0
3145,0
3146,0
3147,0
3148,0
3149,0
3150,0
3151,0
3152,0
3153,0
3154,0
3155,0
3156,0
3157,0
3158,0
3159,0
3160,0
3161,0
3162,0
3163,0
3164,0
3165,0
3166,0
3167,0
3168,0
3169,0
3170,0
3171,0
3172,0
3173,0
3174,0
3175,0
3176,0
3177,0
3178,0
3179,0
3180,0
3181,0
3182,0
3183,0
3184,0
3185,0
3186,0
3187,0
3188,0
3189,0
3190,0
3191,0
3192,0
3193,0
3194,0
3195,0
3196,0
3197,0
3198,0
3199,0
3200,0
3201,0
3202,0
3203,0
3204,0
3205,0
3206,0
3207,0
3208,0
3209,0
3210,0
3211,0
3212,0
3213,0
3214,0
3215,0
3216,0
3217,0
3218,0
3219,0
3220,0
3221,0
3222,0
3223,0
3224,0
3225,0
3226,0
3227,0
3228,0
3229,0
3230,0
3231,0
3232,0
3233,0
3234,0
3235,0
3236,0
3237,0
3238,0
3239,0
3240,0
3241,0
3242,0
3243,0
3244,0
3245,0
3246,0
3247,0
3248,0
3249,0
3250,0
3251,0
3252,0
3253,0
3254,0
3255,0
3256,0
3257,0
3258,0
3259,0
3260,0
3261,0
3262,0
3263,0
3264,0
3265,0
3266,0
3267,0
3268,0
3269,0
3270,0
3271,0
3272,0
3273,0
3274,0
3275,0
3276,0
3277,0
3278,0
3279,0
3280,0
3281,0
3282,0
3283,0
3284,0
3285,0
3286,0
3287,0
3288,0
3289,0
3290,0
3291,0
3292,0
3293,0
3294,0
3295,0
3296,0
3297,0
3298,0
3299,0
3300,0
3301,0
3302,0
3303,0
3304,0
3305,0
3306,0
3307,0
3308,0
3309,0
3310,0
3311,0
3312,0
3313,0
3314,0
3315,0
3316,0
3317,0
3318,0
3319,0
3320,0
3321,0
3322,0
3323,0
3324,0
3325,0
3326,0
3327,0
3328,0
3329,0
3330,0
3331,0
3332,0
3333,0
3334,0
3335,0
3336,0
3337,0
3338,0
3339,0
3340,0
3341,0
3342,0
3343,0
3344,0
3345,0
3346,0
3347,0
3348,0
3349,0
3350,0
3351,0
3352,0
3353,0
3354,0
3355,0
3356,0
3357,0
3358,0
3359,0
3360,0
3361,0
3362,0
3363,0
3364,0
3365,0
3366,0
3367,0
3368,0
3369,0
3370,0
3371,0
3372,0
3373,0
3374,0
3375,0
3376,0
3377,0
3378,0
3379,0
3380,0
3381,0
3382,0
3383,0
3384,0
3385,0
3386,0
3387,0
3388,0
3389,0
3390,0
3391,0
3392,0
3393,0
3394,0
3395,0
3396,0
3397,0
3398,0
3399,0
3400,0
3401,0
3402,0
3403,0
3404,0
3405,0
3406,0
3407,0
3408,0
3409,0
3410,0
3411,0
3412,0
3413,0
3414,0
3415,0
3416,0
3417,0
3418,0
3419,0
3420,0
3421,0
3422,0
3423,0
3424,0
3425,0
3426,0
3427,0
3428,0
3429,0
3430,0
3431,0
3432,0
3433,0
3434,0
3435,0
3436,0
3437,0
3438,0
3439,0
3440,0
3441,0
3442,0
3443,0
3444,0
3445,0
3446,0
3447,0
3448,0
3449,0
3450,0
3451,0
3452,0
3453,0
3454,0
3455,0
3456,0
3457,0
3458,0
3459,0
3460,0
3461,0
3462,0
3463,0
3464,0
3465,0
3466,0
3467,0
3468,0
3469,0
3470,0
3471,0
3472,0
3473,0
3474,0
3475,0
3476,0
3477,0
3478,0
3479,0
3480,0
3481,0
3482,0
3483,0
3484,0
3485,0
3486,0
3487,0
3488,0
3489,0
3490,0
3491,0
3492,0
3493,0
3494,0
3495,0
3496,0
3497,0
3498,0
3499,0
3500,0
3501,0
3502,0
3503,0
3504,0
3505,0
3506,0
3507,0
3508,0
3509,0
3510,0
3511,0
3512,0
3513,0
3514,0
3515,0
3516,0
3517,0
3518,0
3519,0
3520,0
3521,0
3522,0
3523,0
3524,0
3525,0
3526,0
3527,0
3528,0
3529,0
3530,0
3531,0
3532,0
3533,0
3534,0
3535,0
3536,0
3537,0
3538,0
3539,0
3540,0
3541,0
3542,0
3543,0
3544,0
3545,0
3546,0
3547,0
3548,0
3549,0
3550,0
3551,0
3552,0
3553,0
3554,0
3555,0
3556,0
3557,0
3558,0
3559,0
3560,0
3561,0
3562,0
3563,0
3564,0
3565,0
3566,0
3567,0
3568,0
3569,0
3570,0
3571,0
3572,0
3573,0
3574,0
3575,0
3576,0
3577,0
3578,0
3579,0
3580,0
3581,0
3582,0
3583,0
3584,0
3585,0
3586,0
3587,0
3588,0
3589,0
3590,0
3591,0
3592,0
3593,0
3594,0
3595,0
3596,0
3597,0
3598,0
3599,0
3600,0
3601,0
3602,0
3603,0
3604,0
3605,0
3606,0
3607,0
3608,0
3609,0
3610,0
3611,0
3612,0
3613,0
3614,0
3615,0
3616,0
3617,0
3618,0
3619,0
3620,0
3621,0
3622,0
3623,0
3624,0
3625,0
3626,0
3627,0
3628,0
3629,0
3630,0
3631,0
3632,0
3633,0
3634,0
3635,0
3636,0
3637,0
3638,0
3639,0
3640,0
3641,0
3642,0
3643,0
3644,0
3645,0
3646,0
3647,0
3648,0
3649,0
3650,0
3651,0
3652,0
3653,0
3654,0
3655,0
3656,0
3657,0
3658,0
3659,0
3660,0
3661,0
3662,0
3663,0
3664,0
3665,0
3666,0
3667,0
3668,0
3669,0
3670,0
3671,0
3672,0
3673,0
3674,0
3675,0
3676,0
3677,0
3678,0
3679,0
3680,0
3681,0
3682,0
3683,0
3684,0
3685,0
3686,0
3687,0
3688,0
3689,0
3690,0
3691,0
3692,0
3693,0
3694,0
3695,0
3696,0
3697,0
3698,0
3699,0
3700,0
3701,0
3702,0
3703,0
3704,0
3705,0
3706,0
3707,0
3708,0
3709,0
3710,0
3711,0
3712,0
3713,0
3714,0
3715,0
3716,0
3717,0
3718,0
3719,0
3720,0
3721,0
3722,0
3723,0
3724,0
3725,0
3726,0
3727,0
3728,0
3729,0
3730,0
3731,0
3732,0
3733,0
3734,0
3735,0
3736,0
3737,0
3738,0
3739,0
3740,0
3741,0
3742,0
3743,0
3744,0
3745,0
3746,0
3747,0
3748,0
3749,0
3750,0
3751,0
3752,0
3753,0
3754,0
3755,0
3756,0
3757,0
3758,0
3759,0
3760,0
3761,0
3762,0
3763,0
3764,0
3765,0
3766,0
3767,0
3768,0
3769,0
3770,0
3771,0
3772,0
3773,0
3774,0
3775,0
3776,0
3777,0
3778,0
3779,0
3780,0
3781,0
3782,0
3783,0
3784,0
3785,0
3786,0
3787,0
3788,0
3789,0
3790,0
3791,0
3792,0
3793,0
3794,0
3795,0
3796,0
3797,0
3798,0
3799,0
3800,0
3801,0
3802,0
3803,0
3804,0
3805,0
3806,0
3807,0
3808,0
3809,0
3810,0
3811,0
3812,0
3813,0
3814,0
3815,0
3816,0
3817,0
3818,0
3819,0
3820,0
3821,0
3822,0
3823,0
3824,0
3825,0
3826,0
3827,0
3828,0
3829,0
3830,0
3831,0
3832,0
3833,0
3834,0
3835,0
3836,0
3837,0
3838,0
3839,0
3840,0
3841,0
3842,0
3843,0
3844,0
3845,0
3846,0
3847,0
3848,0
3849,0
3850,0
3851,0
3852,0
3853,0
3854,0
3855,0
3856,0
3857,0
3858,0
3859,0
3860,0
3861,0
3862,0
3863,0
3864,0
3865,0
3866,0
3867,0
3868,0
3869,0
3870,0
3871,0
3872,0
3873,0
3874,0
3875,0
3876,0
3877,0
3878,0
3879,0
3880,0
3881,0
3882,0
3883,0
3884,0
3885,0
3886,0
3887,0
3888,0
3889,0
3890,0
3891,0
3892,0
3893,0
3894,0
3895,0
3896,0
3897,0
3898,0
3899,0
3900,0
3901,0
3902,0
3903,0
3904,0
3905,0
3906,0
3907,0
3908,0
3909,0
3910,0
3911,0
3912,0
3913,0
3914,0
3915,0
3916,0
3917,0
3918,0
3919,0
3920,0
3921,0
3922,0
3923,0
3924,0
3925,0
3926,0
3927,0
3928,0
3929,0
3930,0
3931,0
3932,0
3933,0
3934,0
3935,0
3936,0
3937,0
3938,0
3939,0
3940,0
3941,0
3942,0
3943,0
3944,0
3945,0
3946,0
3947,0
3948,0
3949,0
3950,0
3951,0
3952,0
3953,0
3954,0
3955,0
3956,0
3957,0
3958,0
3959,0
3960,0
3961,0
3962,0
3963,0
3964,0
3965,0
3966,0
3967,0
3968,0
3969,0
3970,0
3971,0
3972,0
3973,0
3974,0
3975,0
3976,0
3977,0
3978,0
3979,0
3980,0
3981,0
3982,0
3983,0
3984,0
3985,0
3986,0
3987,0
3988,0
3989,0
3990,0
3991,0
3992,0
3993,0
3994,0
3995,0
3996,0
3997,0
3998,0
3999,0
4000,0
4001,0
4002,0
4003,0
4004,0
4005,0
4006,0
4007,0
4008,0
4009,0
4010,0
4011,0
4012,0
4013,0
4014,0
4015,0
4016,0
4017,0
4018,0
4019,0
4020,0
4021,0
4022,0
4023,0
4024,0
4025,0
4026,0
4027,0
4028,0
4029,0
4030,0
4031,0
4032,0
4033,0
4034,0
4035,0
4036,0
4037,0
4038,0
4039,0
4040,0
4041,0
4042,0
4043,0
4044,0
4045,0
4046,0
4047,0
4048,0
4049,0
4050,0
4051,0
4052,0
4053,0
4054,0
4055,0
4056,0
4057,0
4058,0
4059,0
4060,0
4061,0
4062,0
4063,0
4064,0
4065,0
4066,0
4067,0
4068,0
4069,0
4070,0
4071,0
4072,0
4073,0
4074,0
4075,0
4076,0
4077,0
4078,0
4079,0
4080,0
4081,0
4082,0
4083,0
4084,0
4085,0
4086,0
4087,0
4088,0
4089,0
4090,0
4091,0
4092,0
4093,0
4094,0
4095,0
4096,0
4097,0
4098,0
4099,0
4100,0
4101,0
4102,0
4103,0
4104,0
4105,0
4106,1
4107,2
4108,3
4109,3
4110,4
4111,4
4112,4
4113,4
4114,5
4115,5
4116,5
4117,4
4118,3
4119,3
4120,2
4121,2
4122,1
4123,1
4124,1
4125,1
4126,1
4127,1
4128,1
4129,1
4130,1
4131,1
4132,1
4133,1
4134,1
4135,1
4136,1
4137,1
4138,1
4139,1
4140,1
4141,1
4142,1
4143,1
4144,1
4145,1
4146,2
4147,2
4148,3
4149,3
4150,3
4151,3
4152,4
4153,4
4154,4
4155,4
4156,4
4157,4
4158,4
4159,4
4160,4
4161,3
4162,3
4163,3
4164,3
4165,3
4166,3
4167,3
4168,2
4169,2
4170,2
4171,2
4172,2
4173,2
4174,2
4175,2
4176,2
4177,1
4178,1
4179,1
4180,1
4181,1
4182,1
4183,1
4184,1
4185,0
4186,0
4187,0
4188,0
4189,0
4190,0
4191,0
4192,0
4193,0
4194,0
4195,0
4196,0
4197,0
4198,1
4199,2
4200,3
4201,3
4202,4
4203,4
4204,4
4205,4
4206,4
4207,4
4208,4
4209,4
4210,4
4211,4
4212,4
4213,4
4214,4
4215,4
4216,4
4217,4
4218,4
4219,4
4220,4
4221,4
4222,4
4223,4
4224,4
4225,3
4226,3
4227,3
4228,3
4229,3
4230,3
4231,3
4232,3
4233,2
4234,2
4235,2
4236,2
4237,2
4238,2
4239,1
4240,1
4241,1
4242,1
4243,1
4244,1
4245,0
4246,0
4247,0
4248,0
4249,0
4250,0
4251,0
4252,0
4253,0
4254,0
4255,0
4256,0
4257,0
4258,0
4259,0
4260,0
4261,0
4262,0
4263,0
4264,0
4265,0
4266,0
4267,0
4268,0
4269,0
4270,0
4271,0
4272,0
4273,0
4274,0
4275,0
4276,0
4277,0
4278,0
4279,0
4280,0
4281,0
4282,0
4283,0
4284,0
4285,0
4286,0
4287,0
4288,0
4289,0
4290,0
4291,0
4292,0
4293,0
4294,0
4295,0
4296,0
4297,0
4298,0
4299,0
4300,0
4301,0
4302,0
4303,0
4304,0
4305,0
4306,0
4307,0
4308,0
4309,0
4310,0
4311,0
4312,0
4313,0
4314,0
4315,0
4316,0
4317,0
4318,0
4319,0
4320,0
4321,0
4322,0
4323,0
4324,0
4325,0
4326,0
4327,0
4328,0
4329,0
4330,0
4331,0
4332,0
4333,0
4334,0
4335,0
4336,0
4337,0
4338,0
4339,0
4340,1
4341,1
4342,1
4343,1
4344,2
4345,2
4346,3
4347,3
4348,3
4349,3
4350,3
4351,3
4352,3
4353,3
4354,3
4355,3
4356,3
4357,3
4358,3
4359,3
4360,3
4361,3
4362,3
4363,3
4364,3
4365,3
4366,3
4367,3
4368,3
4369,3
4370,3
4371,3
4372,3
4373,3
4374,3
4375,3
4376,3
4377,3
4378,3
4379,3
4380,3
4381,3
4382,3
4383,3
4384,3
4385,3
4386,3
4387,3
4388,3
4389,3
4390,3
4391,3
4392,3
4393,3
4394,3
4395,3
4396,3
4397,3
4398,3
4399,3
4400,3
4401,3
4402,3
4403,3
4404,3
4405,3
4406,3
4407,3
4408,3
4409,3
4410,3
4411,3
4412,3
4413,3
4414,3
4415,3
4416,3
4417,3
4418,3
4419,3
4420,3
4421,3
4422,3
4423,3
4424,3
4425,3
4426,3
4427,3
4428,3
4429,3
4430,3
4431,3
4432,3
4433,3
4434,3
4435,2
4436,2
4437,1
4438,1
4439,1
4440,1
4441,1
4442,1
4443,1
4444,1
4445,1
4446,1
4447,1
4448,1
4449,1
4450,1
4451,1
4452,1
4453,1
4454,1
4455,1
4456,1
4457,1
4458,1
4459,1
4460,1
4461,1
4462,1
4463,1
4464,1
4465,1
4466,1
4467,1
4468,1
4469,1
4470,1
4471,1
4472,1
4473,1
4474,1
4475,1
4476,1
4477,1
4478,1
4479,1
4480,1
4481,1
4482,1
4483,0
4484,0
4485,0
4486,0
4487,0
4488,0
4489,0
4490,0
4491,0
4492,0
4493,0
4494,0
4495,0
4496,0
4497,0
4498,0
4499,0
4500,0
4501,0
4502,0
4503,0
4504,0
4505,0
4506,0
4507,0
4508,0
4509,0
4510,0
4511,0
4512,0
4513,0
4514,0
4515,0
4516,0
4517,0
4518,0
4519,0
4520,0
4521,0
4522,0
4523,0
4524,0
4525,0
4526,0
4527,0
4528,0
4529,0
4530,0
4531,0
4532,0
4533,1
4534,3
4535,3
4536,4
4537,4
4538,4
4539,4
4540,4
4541,4
4542,4
4543,4
4544,4
4545,3
4546,3
4547,3
4548,3
4549,3
4550,3
4551,3
4552,3
4553,3
4554,3
4555,3
4556,3
4557,3
4558,3
4559,3
4560,3
4561,3
4562,3
4563,3
4564,3
4565,3
4566,3
4567,3
4568,3
4569,3
4570,3
4571,3
4572,3
4573,3
4574,3
4575,3
4576,3
4577,3
4578,3
4579,3
4580,3
4581,4
4582,4
4583,4
4584,4
4585,4
4586,4
4587,4
4588,4
4589,4
4590,4
4591,4
4592,4
4593,4
4594,4
4595,4
4596,4
4597,4
4598,4
4599,4
4600,4
4601,4
4602,4
4603,4
4604,4
4605,4
4606,4
4607,4
4608,4
4609,4
4610,4
4611,4
4612,4
4613,4
4614,4
4615,4
4616,4
4617,4
4618,4
4619,4
4620,4
4621,4
4622,4
4623,4
4624,4
4625,4
4626,4
4627,4
4628,4
4629,4
4630,4
4631,4
4632,4
4633,4
4634,4
4635,4
4636,4
4637,4
4638,4
4639,4
4640,4
4641,4
4642,4
4643,4
4644,4
4645,4
4646,4
4647,4
4648,4
4649,4
4650,4
4651,4
4652,4
4653,4
4654,4
4655,4
4656,4
4657,4
4658,4
4659,4
4660,4
4661,3
4662,3
4663,3
4664,3
4665,3
4666,3
4667,3
4668,3
4669,3
4670,3
4671,3
4672,3
4673,3
4674,3
4675,3
4676,3
4677,3
4678,3
4679,3
4680,3
4681,3
4682,3
4683,3
4684,3
4685,3
4686,3
4687,3
4688,3
4689,3
4690,3
4691,3
4692,3
4693,3
4694,3
4695,3
4696,3
4697,3
4698,3
4699,3
4700,3
4701,3
4702,3
4703,3
4704,3
4705,3
4706,3
4707,4
4708,4
4709,4
4710,4
4711,4
4712,4
4713,4
4714,4
4715,4
4716,4
4717,4
4718,4
4719,4
4720,4
4721,4
4722,4
4723,4
4724,4
4725,4
4726,4
4727,4
4728,4
4729,4
4730,4
4731,4
4732,5
4733,5
4734,5
4735,4
4736,4
4737,4
4738,4
4739,4
4740,4
4741,4
4742,4
4743,4
4744,4
4745,4
4746,4
4747,3
4748,3
4749,3
4750,3
4751,3
4752,3
4753,3
4754,3
4755,3
4756,3
4757,3
4758,3
4759,3
4760,3
4761,3
4762,3
4763,3
4764,3
4765,3
4766,3
4767,3
4768,3
4769,3
4770,3
4771,3
4772,3
4773,3
4774,3
4775,3
4776,3
4777,3
4778,3
4779,3
4780,3
4781,3
4782,3
4783,3
4784,3
4785,3
4786,3
4787,3
4788,3
4789,3
4790,3
4791,3
4792,3
4793,3
4794,3
4795,3
4796,3
4797,3
4798,3
4799,3
4800,3
4801,4
4802,4
4803,4
4804,4
4805,4
4806,4
4807,4
4808,4
4809,4
4810,4
4811,4
4812,4
4813,4
4814,4
4815,4
4816,4
4817,5
4818,5
4819,5
4820,5
4821,5
4822,5
4823,5
4824,5
4825,5
4826,5
4827,5
4828,5
4829,5
4830,5
4831,5
4832,5
4833,5
4834,5
4835,5
4836,5
4837,5
4838,5
4839,5
4840,5
4841,5
4842,5
4843,5
4844,5
4845,5
