1,0
2,0
3,0
4,0
5,0
6,0
7,0
8,0
9,0
10,0
11,0
12,0
13,0
14,0
15,0
16,0
17,0
18,0
19,0
20,0
21,0
22,0
23,0
24,0
25,0
26,0
27,0
28,0
29,0
30,0
31,0
32,0
33,0
34,0
35,0
36,0
37,0
38,0
39,0
40,0
41,0
42,0
43,0
44,0
45,0
46,0
47,0
48,0
49,0
50,0
51,0
52,0
53,0
54,0
55,0
56,0
57,0
58,0
59,0
60,0
61,0
62,0
63,0
64,0
65,0
66,0
67,0
68,0
69,0
70,0
71,0
72,0
73,0
74,0
75,0
76,0
77,0
78,0
79,0
80,0
81,0
82,0
83,0
84,0
85,0
86,0
87,0
88,0
89,0
90,0
91,0
92,0
93,0
94,0
95,0
96,0
97,0
98,0
99,0
100,0
101,0
102,0
103,0
104,0
105,0
106,0
107,0
108,0
109,0
110,0
111,0
112,0
113,0
114,0
115,0
116,0
117,0
118,0
119,0
120,0
121,0
122,0
123,0
124,0
125,0
126,0
127,0
128,0
129,0
130,0
131,0
132,0
133,0
134,0
135,0
136,0
137,0
138,0
139,0
140,0
141,0
142,0
143,0
144,0
145,0
146,0
147,0
148,0
149,0
150,0
151,0
152,0
153,0
154,0
155,0
156,0
157,0
158,0
159,0
160,0
161,0
162,0
163,0
164,0
165,0
166,0
167,0
168,0
169,0
170,0
171,0
172,0
173,0
174,0
175,0
176,0
177,0
178,0
179,0
180,0
181,0
182,0
183,0
184,0
185,0
186,0
187,0
188,0
189,0
190,0
191,0
192,0
193,0
194,0
195,0
196,0
197,0
198,0
199,0
200,0
201,0
202,0
203,0
204,0
205,0
206,0
207,0
208,0
209,0
210,0
211,0
212,0
213,0
214,0
215,0
216,0
217,0
218,0
219,0
220,0
221,0
222,0
223,0
224,0
225,0
226,0
227,0
228,0
229,0
230,0
231,0
232,0
233,0
234,0
235,0
236,0
237,0
238,0
239,0
240,0
241,0
242,0
243,0
244,0
245,0
246,0
247,0
248,0
249,0
250,0
251,0
252,0
253,0
254,0
255,0
256,0
257,0
258,0
259,0
260,0
261,0
262,0
263,0
264,0
265,0
266,0
267,0
268,0
269,0
270,0
271,0
272,0
273,0
274,0
275,0
276,0
277,0
278,0
279,0
280,0
281,0
282,0
283,0
284,0
285,0
286,0
287,0
288,0
289,0
290,0
291,0
292,0
293,0
294,0
295,0
296,0
297,0
298,0
299,0
300,0
301,0
302,0
303,0
304,0
305,0
306,0
307,0
308,0
309,0
310,0
311,0
312,0
313,0
314,0
315,0
316,0
317,0
318,0
319,0
320,0
321,0
322,0
323,0
324,0
325,0
326,0
327,0
328,0
329,0
330,0
331,0
332,0
333,0
334,0
335,0
336,0
337,0
338,0
339,0
340,0
341,0
342,0
343,0
344,0
345,0
346,0
347,0
348,0
349,0
350,0
351,0
352,0
353,0
354,0
355,0
356,0
357,0
358,0
359,0
360,0
361,0
362,0
363,0
364,0
365,0
366,0
367,0
368,0
369,0
370,0
371,0
372,0
373,0
374,0
375,0
376,0
377,0
378,0
379,0
380,0
381,0
382,0
383,0
384,0
385,0
386,0
387,0
388,0
389,0
390,0
391,0
392,0
393,0
394,0
395,0
396,0
397,0
398,0
399,0
400,0
401,0
402,0
403,0
404,0
405,0
406,0
407,0
408,0
409,0
410,0
411,0
412,0
413,0
414,0
415,0
416,0
417,0
418,0
419,0
420,0
421,0
422,0
423,0
424,0
425,0
426,0
427,0
428,0
429,0
430,0
431,0
432,0
433,0
434,0
435,0
436,0
437,0
438,0
439,0
440,0
441,0
442,0
443,0
444,0
445,0
446,0
447,0
448,0
449,0
450,0
451,0
452,0
453,0
454,0
455,0
456,0
457,0
458,0
459,0
460,0
461,0
462,0
463,0
464,0
465,0
466,0
467,0
468,0
469,0
470,0
471,0
472,0
473,0
474,0
475,0
476,0
477,0
478,0
479,0
480,0
481,0
482,0
483,0
484,0
485,0
486,0
487,0
488,0
489,0
490,0
491,0
492,0
493,0
494,0
495,0
496,0
497,0
498,0
499,0
500,0
501,0
502,0
503,0
504,0
505,0
506,0
507,0
508,0
509,0
510,0
511,0
512,0
513,0
514,0
515,0
516,0
517,0
518,0
519,0
520,0
521,0
522,0
523,0
524,0
525,0
526,0
527,0
528,0
529,0
530,0
531,0
532,0
533,0
534,0
535,0
536,0
537,0
538,0
539,0
540,0
541,0
542,0
543,0
544,0
545,0
546,0
547,0
548,0
549,0
550,0
551,0
552,0
553,0
554,0
555,0
556,0
557,0
558,0
559,0
560,0
561,0
562,0
563,0
564,0
565,0
566,0
567,0
568,0
569,0
570,0
571,0
572,0
573,0
574,0
575,0
576,0
577,0
578,0
579,0
580,0
581,0
582,0
583,0
584,0
585,0
586,0
587,0
588,0
589,0
590,0
591,0
592,0
593,0
594,0
595,0
596,0
597,0
598,0
599,0
600,0
601,0
602,0
603,0
604,0
605,0
606,0
607,0
608,0
609,0
610,0
611,0
612,0
613,0
614,0
615,0
616,0
617,0
618,0
619,0
620,0
621,0
622,0
623,0
624,0
625,0
626,0
627,0
628,0
629,0
630,0
631,0
632,0
633,0
634,0
635,0
636,0
637,0
638,0
639,0
640,0
641,0
642,0
643,0
644,0
645,0
646,0
647,0
648,0
649,0
650,0
651,0
652,0
653,0
654,0
655,0
656,0
657,0
658,0
659,0
660,0
661,0
662,0
663,0
664,0
665,0
666,0
667,0
668,0
669,0
670,0
671,0
672,0
673,0
674,0
675,0
676,0
677,0
678,0
679,0
680,0
681,0
682,0
683,0
684,0
685,0
686,0
687,0
688,0
689,0
690,0
691,0
692,0
693,0
694,0
695,0
696,0
697,0
698,0
699,0
700,0
701,0
702,0
703,0
704,0
705,0
706,0
707,0
708,0
709,0
710,0
711,0
712,0
713,0
714,0
715,0
716,0
717,0
718,0
719,0
720,0
721,0
722,0
723,0
724,0
725,0
726,0
727,0
728,0
729,0
730,0
731,0
732,0
733,0
734,0
735,0
736,0
737,0
738,0
739,0
740,0
741,0
742,0
743,0
744,0
745,0
746,0
747,0
748,0
749,0
750,0
751,0
752,0
753,0
754,0
755,0
756,0
757,0
758,0
759,0
760,0
761,0
762,0
763,0
764,0
765,0
766,0
767,0
768,0
769,0
770,0
771,0
772,0
773,0
774,0
775,0
776,0
777,0
778,0
779,0
780,0
781,0
782,0
783,0
784,0
785,0
786,0
787,0
788,0
789,0
790,0
791,0
792,0
793,0
794,0
795,0
796,0
797,0
798,0
799,0
800,0
801,0
802,0
803,0
804,0
805,0
806,0
807,0
808,0
809,0
810,0
811,0
812,0
813,0
814,0
815,0
816,0
817,0
818,0
819,0
820,0
821,0
822,0
823,0
824,0
825,0
826,0
827,0
828,0
829,0
830,0
831,0
832,0
833,0
834,0
835,0
836,0
837,0
838,0
839,0
840,0
841,0
842,0
843,0
844,0
845,0
846,0
847,0
848,0
849,0
850,0
851,0
852,0
853,0
854,0
855,0
856,0
857,0
858,0
859,0
860,0
861,0
862,0
863,0
864,0
865,0
866,0
867,0
868,0
869,0
870,0
871,0
872,0
873,0
874,0
875,0
876,0
877,0
878,0
879,0
880,0
881,0
882,0
883,0
884,0
885,0
886,0
887,0
888,0
889,0
890,0
891,0
892,0
893,0
894,0
895,0
896,0
897,0
898,0
899,0
900,0
901,0
902,0
903,0
904,0
905,0
906,0
907,0
908,0
909,0
910,0
911,0
912,0
913,0
914,0
915,0
916,0
917,0
918,0
919,0
920,0
921,0
922,0
923,0
924,0
925,0
926,0
927,0
928,0
929,0
930,0
931,0
932,0
933,0
934,0
935,0
936,0
937,0
938,0
939,0
940,0
941,0
942,0
943,0
944,0
945,0
946,0
947,0
948,0
949,0
950,0
951,0
952,0
953,0
954,0
955,0
956,0
957,0
958,0
959,0
960,0
961,0
962,0
963,0
964,0
965,0
966,0
967,0
968,0
969,0
970,0
971,0
972,0
973,0
974,0
975,0
976,0
977,0
978,0
979,0
980,0
981,0
982,0
983,0
984,0
985,0
986,0
987,0
988,0
989,0
990,0
991,0
992,0
993,0
994,0
995,0
996,0
997,0
998,0
999,0
1000,0
1001,0
1002,0
1003,0
1004,0
1005,0
1006,0
1007,0
1008,0
1009,0
1010,0
1011,0
1012,0
1013,0
1014,0
1015,0
1016,0
1017,0
1018,0
1019,0
1020,0
1021,0
1022,0
1023,0
1024,0
1025,0
1026,0
1027,0
1028,0
1029,0
1030,0
1031,0
1032,0
1033,0
1034,0
1035,0
1036,0
1037,0
1038,0
1039,0
1040,0
1041,0
1042,0
1043,0
1044,0
1045,0
1046,0
1047,0
1048,0
1049,0
1050,0
1051,0
1052,0
1053,0
1054,0
1055,0
1056,0
1057,0
1058,0
1059,0
1060,0
1061,0
1062,0
1063,0
1064,0
1065,0
1066,0
1067,0
1068,0
1069,0
1070,0
1071,0
1072,0
1073,0
1074,0
1075,0
1076,0
1077,0
1078,0
1079,0
1080,0
1081,0
1082,0
1083,0
1084,0
1085,0
1086,0
1087,0
1088,0
1089,0
1090,0
1091,0
1092,0
1093,0
1094,0
1095,0
1096,0
1097,0
1098,0
1099,0
1100,0
1101,0
1102,0
1103,0
1104,0
1105,0
1106,0
1107,0
1108,0
1109,0
1110,0
1111,0
1112,0
1113,0
1114,0
1115,0
1116,0
1117,0
1118,0
1119,0
1120,0
1121,0
1122,0
1123,0
1124,0
1125,0
1126,0
1127,0
1128,0
1129,0
1130,0
1131,0
1132,0
1133,0
1134,0
1135,0
1136,0
1137,0
1138,0
1139,0
1140,0
1141,0
1142,0
1143,0
1144,0
1145,0
1146,0
1147,0
1148,0
1149,0
1150,0
1151,0
1152,0
1153,0
1154,0
1155,0
1156,0
1157,0
1158,0
1159,0
1160,0
1161,0
1162,0
1163,0
1164,0
1165,0
1166,0
1167,0
1168,0
1169,0
1170,0
1171,0
1172,0
1173,0
1174,0
1175,0
1176,0
1177,0
1178,0
1179,0
1180,0
1181,0
1182,0
1183,0
1184,0
1185,0
1186,0
1187,0
1188,0
1189,0
1190,0
1191,0
1192,0
1193,0
1194,0
1195,0
1196,0
1197,0
1198,0
1199,0
1200,0
1201,0
1202,0
1203,0
1204,0
1205,0
1206,0
1207,0
1208,0
1209,0
1210,0
1211,0
1212,0
1213,0
1214,0
1215,0
1216,0
1217,0
1218,0
1219,0
1220,0
1221,0
1222,0
1223,0
1224,0
1225,0
1226,0
1227,0
1228,0
1229,0
1230,0
1231,0
1232,0
1233,0
1234,0
1235,0
1236,0
1237,0
1238,0
1239,0
1240,0
1241,0
1242,0
1243,0
1244,0
1245,0
1246,0
1247,0
1248,0
1249,0
1250,0
1251,0
1252,0
1253,0
1254,0
1255,0
1256,0
1257,0
1258,0
1259,0
1260,0
1261,0
1262,0
1263,0
1264,0
1265,0
1266,0
1267,0
1268,0
1269,0
1270,0
1271,0
1272,0
1273,0
1274,0
1275,0
1276,0
1277,0
1278,0
1279,0
1280,0
1281,0
1282,0
1283,0
1284,0
1285,0
1286,0
1287,0
1288,0
1289,0
1290,0
1291,0
1292,0
1293,0
1294,0
1295,0
1296,0
1297,0
1298,0
1299,0
1300,0
1301,0
1302,0
1303,0
1304,0
1305,0
1306,0
1307,0
1308,0
1309,0
1310,0
1311,0
1312,0
1313,0
1314,0
1315,0
1316,0
1317,0
1318,0
1319,0
1320,0
1321,0
1322,0
1323,0
1324,0
1325,0
1326,0
1327,0
1328,0
1329,0
1330,0
1331,0
1332,0
1333,0
1334,0
1335,0
1336,0
1337,0
1338,0
1339,0
1340,0
1341,0
1342,0
1343,0
1344,0
1345,0
1346,0
1347,0
1348,0
1349,0
1350,0
1351,0
1352,0
1353,0
1354,0
1355,0
1356,0
1357,0
1358,0
1359,0
1360,0
1361,0
1362,0
1363,0
1364,0
1365,0
1366,0
1367,0
1368,0
1369,0
1370,0
1371,0
1372,0
1373,0
1374,0
1375,0
1376,0
1377,0
1378,0
1379,0
1380,0
1381,0
1382,0
1383,0
1384,0
1385,0
1386,0
1387,0
1388,0
1389,0
1390,0
1391,0
1392,0
1393,0
1394,0
1395,0
1396,0
1397,0
1398,0
1399,0
1400,0
1401,0
1402,0
1403,0
1404,0
1405,0
1406,0
1407,0
1408,0
1409,0
1410,0
1411,0
1412,0
1413,0
1414,0
1415,0
1416,0
1417,0
1418,0
1419,0
1420,0
1421,0
1422,0
1423,0
1424,0
1425,0
1426,0
1427,0
1428,0
1429,0
1430,0
1431,0
1432,0
1433,0
1434,0
1435,0
1436,0
1437,0
1438,0
1439,0
1440,0
1441,0
1442,0
1443,0
1444,0
1445,0
1446,0
1447,0
1448,0
1449,0
1450,0
1451,0
1452,0
1453,0
1454,0
1455,0
1456,0
1457,0
1458,0
1459,0
1460,0
1461,0
1462,0
1463,0
1464,0
1465,0
1466,0
1467,0
1468,0
1469,0
1470,0
1471,0
1472,0
1473,0
1474,0
1475,0
1476,0
1477,0
1478,0
1479,0
1480,0
1481,0
1482,0
1483,0
1484,1
1485,1
1486,1
1487,1
1488,1
1489,1
1490,1
1491,1
1492,1
1493,1
1494,1
1495,2
1496,2
1497,2
1498,2
1499,2
1500,2
1501,2
1502,2
1503,2
1504,2
1505,2
1506,2
1507,2
1508,2
1509,2
1510,2
1511,2
1512,2
1513,2
1514,2
1515,2
1516,2
1517,2
1518,2
1519,2
1520,2
1521,2
1522,2
1523,2
1524,2
1525,2
1526,2
1527,2
1528,2
1529,2
1530,2
1531,2
1532,2
1533,2
1534,2
1535,2
1536,2
1537,2
1538,2
1539,2
1540,2
1541,2
1542,2
1543,2
1544,2
1545,2
1546,2
1547,2
1548,2
1549,2
1550,2
1551,2
1552,2
1553,2
1554,2
1555,2
1556,2
1557,2
1558,2
1559,2
1560,2
1561,2
1562,2
1563,2
1564,2
1565,2
1566,2
1567,1
1568,1
1569,1
1570,1
1571,1
1572,1
1573,1
1574,1
1575,1
1576,1
1577,1
1578,1
1579,1
1580,1
1581,1
1582,1
1583,1
1584,1
1585,1
1586,1
1587,1
1588,1
1589,1
1590,1
1591,1
1592,1
1593,1
1594,1
1595,1
1596,1
1597,1
1598,1
1599,1
1600,1
1601,1
1602,1
1603,1
1604,1
1605,1
1606,1
1607,1
1608,1
1609,2
1610,2
1611,2
1612,2
1613,1
1614,1
1615,1
1616,1
1617,1
1618,1
1619,1
1620,1
1621,1
1622,1
1623,1
1624,1
1625,1
1626,1
1627,1
1628,1
1629,1
1630,1
1631,1
1632,1
1633,1
1634,1
1635,1
1636,1
1637,1
1638,1
1639,1
1640,1
1641,1
1642,1
1643,1
1644,1
1645,1
1646,1
1647,1
1648,1
1649,1
1650,1
1651,1
1652,1
1653,1
1654,1
1655,1
1656,1
1657,1
1658,1
1659,1
1660,1
1661,1
1662,1
1663,1
1664,1
1665,1
1666,1
1667,1
1668,1
1669,1
1670,1
1671,2
1672,2
1673,2
1674,3
1675,3
1676,4
1677,4
1678,4
1679,5
1680,5
1681,5
1682,5
1683,5
1684,5
1685,5
1686,5
1687,5
1688,5
1689,5
1690,5
1691,5
1692,5
1693,5
1694,5
1695,5
1696,5
1697,5
1698,5
1699,4
1700,4
1701,4
1702,4
1703,4
1704,4
1705,4
1706,4
1707,4
1708,4
1709,4
1710,4
1711,4
1712,4
1713,4
1714,4
1715,4
1716,4
1717,4
1718,4
1719,4
1720,4
1721,4
1722,3
1723,3
1724,3
1725,3
1726,3
1727,3
1728,3
1729,3
1730,3
1731,2
1732,2
1733,2
1734,2
1735,2
1736,2
1737,2
1738,2
1739,2
1740,2
1741,2
1742,2
1743,2
1744,2
1745,2
1746,1
1747,1
1748,1
1749,1
1750,1
1751,1
1752,1
1753,1
1754,1
1755,1
1756,1
1757,1
1758,1
1759,1
1760,1
1761,1
1762,1
1763,1
1764,1
1765,1
1766,1
1767,1
1768,1
1769,1
1770,1
1771,1
1772,1
1773,1
1774,1
1775,1
1776,1
1777,1
1778,1
1779,1
1780,1
1781,1
1782,1
1783,1
1784,1
1785,1
1786,1
1787,1
1788,1
1789,1
1790,1
1791,1
1792,1
1793,1
1794,1
1795,1
1796,1
1797,1
1798,1
1799,1
1800,0
1801,0
1802,0
1803,0
1804,0
1805,0
1806,0
1807,0
1808,0
1809,0
1810,0
1811,0
1812,0
1813,0
1814,0
1815,0
1816,0
1817,0
1818,0
1819,0
1820,0
1821,0
1822,0
1823,0
1824,0
1825,0
1826,0
1827,0
1828,0
1829,0
1830,0
1831,0
1832,0
1833,0
1834,0
1835,0
1836,0
1837,0
1838,0
1839,0
1840,0
1841,0
1842,0
1843,0
1844,0
1845,0
1846,0
1847,0
1848,0
1849,0
1850,0
1851,0
1852,0
1853,0
1854,0
1855,0
1856,0
1857,0
1858,0
1859,0
1860,0
1861,0
1862,0
1863,0
1864,0
1865,0
1866,0
1867,0
1868,0
1869,0
1870,0
1871,0
1872,0
1873,0
1874,0
1875,0
1876,0
1877,0
1878,0
1879,0
1880,0
1881,0
1882,0
1883,0
1884,0
1885,0
1886,0
1887,0
1888,0
1889,0
1890,0
1891,0
1892,0
1893,0
1894,0
1895,0
1896,0
1897,0
1898,0
1899,0
1900,0
1901,0
1902,0
1903,0
1904,0
1905,0
1906,0
1907,0
1908,0
1909,0
1910,0
1911,0
1912,0
1913,0
1914,0
1915,0
1916,0
1917,0
1918,0
1919,0
1920,0
1921,0
1922,0
1923,0
1924,0
1925,0
1926,0
1927,0
1928,0
1929,0
1930,0
1931,0
1932,0
1933,0
1934,0
1935,0
1936,0
1937,0
1938,0
1939,0
1940,0
1941,0
1942,0
1943,0
1944,0
1945,0
1946,0
1947,0
1948,0
1949,0
1950,0
1951,0
1952,0
1953,0
1954,0
1955,0
1956,0
1957,0
1958,0
1959,0
1960,0
1961,0
1962,0
1963,0
1964,0
1965,0
1966,0
1967,0
1968,0
1969,0
1970,0
1971,0
1972,0
1973,0
1974,0
1975,0
1976,0
1977,0
1978,0
1979,0
1980,0
1981,0
1982,0
1983,0
1984,0
1985,0
1986,0
1987,0
1988,0
1989,0
1990,0
1991,0
1992,0
1993,0
1994,0
1995,0
1996,0
1997,0
1998,0
1999,0
2000,0
2001,1
2002,1
2003,1
2004,1
2005,1
2006,1
2007,1
2008,2
2009,2
2010,2
2011,2
2012,2
2013,3
2014,3
2015,3
2016,3
2017,3
2018,3
2019,3
2020,3
2021,3
2022,3
2023,2
2024,2
2025,2
2026,2
2027,2
2028,2
2029,2
2030,2
2031,2
2032,2
2033,2
2034,2
2035,2
2036,2
2037,2
2038,2
2039,2
2040,2
2041,2
2042,2
2043,2
2044,2
2045,2
2046,2
2047,2
2048,2
2049,2
2050,2
2051,2
2052,2
2053,2
2054,2
2055,2
2056,2
2057,2
2058,2
2059,2
2060,2
2061,2
2062,2
2063,2
2064,2
2065,2
2066,2
2067,2
2068,2
2069,2
2070,2
2071,2
2072,2
2073,2
2074,2
2075,2
2076,2
2077,2
2078,2
2079,2
2080,2
2081,2
2082,2
2083,2
2084,2
2085,2
2086,2
2087,2
2088,2
2089,2
2090,2
2091,2
2092,2
2093,2
2094,2
2095,2
2096,2
2097,2
2098,2
2099,2
2100,2
2101,2
2102,2
2103,2
2104,2
2105,2
2106,2
2107,2
2108,2
2109,2
2110,2
2111,2
2112,2
2113,2
2114,2
2115,2
2116,2
2117,2
2118,2
2119,2
2120,2
2121,2
2122,2
2123,2
2124,2
2125,2
2126,2
2127,2
2128,2
2129,2
2130,2
2131,2
2132,2
2133,2
2134,2
2135,2
2136,2
2137,2
2138,2
2139,2
2140,2
2141,2
2142,2
2143,2
2144,2
2145,2
2146,2
2147,2
2148,2
2149,2
2150,2
2151,2
2152,2
2153,2
2154,2
2155,2
2156,2
2157,2
2158,2
2159,2
2160,2
2161,2
2162,2
2163,2
2164,2
2165,2
2166,2
2167,2
2168,2
2169,2
2170,2
2171,2
2172,2
2173,2
2174,2
2175,2
2176,2
2177,2
2178,2
2179,2
2180,2
2181,2
2182,2
2183,2
2184,2
2185,2
2186,2
2187,2
2188,2
2189,2
2190,2
2191,2
2192,2
2193,2
2194,2
2195,2
2196,2
2197,2
2198,2
2199,2
2200,2
2201,2
2202,2
2203,2
2204,2
2205,2
2206,2
2207,2
2208,2
2209,2
2210,2
2211,2
2212,2
2213,2
2214,2
2215,2
2216,2
2217,2
2218,2
2219,2
2220,2
2221,2
2222,2
2223,2
2224,2
2225,2
2226,2
2227,2
2228,2
2229,2
2230,2
2231,2
2232,2
2233,2
2234,2
2235,2
2236,2
2237,2
2238,2
2239,2
2240,2
2241,2
2242,2
2243,2
2244,2
2245,2
2246,2
2247,2
2248,2
2249,2
2250,2
2251,2
2252,2
2253,2
2254,2
2255,2
2256,2
2257,2
2258,2
2259,2
2260,2
2261,2
2262,2
2263,2
2264,2
2265,2
2266,2
2267,2
2268,2
2269,2
2270,2
2271,2
2272,2
2273,2
2274,2
2275,2
2276,2
2277,2
2278,2
2279,2
2280,2
2281,2
2282,2
2283,2
2284,2
2285,2
2286,2
2287,2
2288,2
2289,2
2290,2
2291,2
2292,2
2293,2
2294,2
2295,2
2296,2
2297,2
2298,2
2299,2
2300,2
2301,2
2302,2
2303,2
2304,2
2305,2
2306,2
2307,2
2308,2
2309,2
2310,2
2311,2
2312,2
2313,2
2314,2
2315,2
2316,2
2317,2
2318,2
2319,2
2320,2
2321,2
2322,2
2323,2
2324,2
2325,2
2326,2
2327,2
2328,2
2329,2
2330,2
2331,2
2332,2
2333,2
2334,2
2335,2
2336,2
2337,2
2338,2
2339,2
2340,2
2341,2
2342,2
2343,2
2344,2
2345,2
2346,2
2347,2
2348,2
2349,2
2350,2
2351,2
2352,2
2353,2
2354,2
2355,2
2356,2
2357,2
2358,2
2359,2
2360,2
2361,2
2362,2
2363,2
2364,2
2365,2
2366,2
2367,2
2368,2
2369,2
2370,2
2371,2
2372,2
2373,2
2374,2
2375,2
2376,2
2377,2
2378,2
2379,2
2380,2
2381,2
2382,2
2383,2
2384,2
2385,2
2386,2
2387,2
2388,2
2389,2
2390,2
2391,2
2392,2
2393,2
2394,2
2395,2
2396,2
2397,2
2398,2
2399,2
2400,2
2401,2
2402,2
2403,2
2404,2
2405,2
2406,2
2407,2
2408,2
2409,2
2410,2
2411,2
2412,2
2413,2
2414,2
2415,2
2416,2
2417,2
2418,2
2419,2
2420,2
2421,2
2422,2
2423,2
2424,2
2425,1
2426,1
2427,1
2428,1
2429,1
2430,1
2431,1
2432,1
2433,1
2434,1
2435,1
2436,1
2437,1
2438,1
2439,1
2440,1
2441,1
2442,1
2443,1
2444,0
2445,0
2446,0
2447,0
2448,0
2449,0
2450,0
2451,0
2452,0
2453,0
2454,0
2455,0
2456,0
2457,0
2458,0
2459,0
2460,0
2461,0
2462,0
2463,0
2464,0
2465,0
2466,0
2467,0
2468,0
2469,0
2470,0
2471,0
2472,0
2473,0
2474,0
2475,0
2476,0
2477,0
2478,0
2479,0
2480,0
2481,0
2482,0
2483,0
2484,0
2485,0
2486,0
2487,0
2488,0
2489,0
2490,0
2491,0
2492,0
2493,0
2494,0
2495,0
2496,0
2497,0
2498,0
2499,0
2500,0
2501,0
2502,0
2503,0
2504,0
2505,0
2506,0
2507,0
2508,0
2509,0
2510,0
2511,0
2512,0
2513,0
2514,0
2515,0
2516,0
2517,0
2518,0
2519,0
2520,0
2521,0
2522,0
2523,0
2524,0
2525,0
2526,0
2527,0
2528,0
2529,0
2530,0
2531,0
2532,0
2533,0
2534,0
2535,0
2536,0
2537,0
2538,0
2539,0
2540,0
2541,0
2542,0
2543,0
2544,0
2545,0
2546,0
2547,0
2548,0
2549,0
2550,0
2551,0
2552,0
2553,0
2554,0
2555,0
2556,0
2557,0
2558,0
2559,0
2560,0
2561,0
2562,0
2563,0
2564,0
2565,0
2566,0
2567,0
2568,0
2569,0
2570,0
2571,0
2572,0
2573,0
2574,0
2575,0
2576,0
2577,0
2578,0
2579,0
2580,0
2581,0
2582,0
2583,0
2584,0
2585,0
2586,0
2587,0
2588,0
2589,0
2590,0
2591,0
2592,0
2593,0
2594,0
2595,0
2596,0
2597,0
2598,0
2599,0
2600,0
2601,0
2602,0
2603,0
2604,0
2605,0
2606,0
2607,0
2608,0
2609,0
2610,0
2611,0
2612,0
2613,0
2614,0
2615,0
2616,0
2617,0
2618,0
2619,0
2620,0
2621,0
2622,0
2623,0
2624,0
2625,0
2626,0
2627,0
2628,0
2629,0
2630,0
2631,0
2632,0
2633,0
2634,0
2635,0
2636,0
2637,0
2638,0
2639,0
2640,0
2641,0
2642,0
2643,0
2644,0
2645,0
2646,0
2647,0
2648,0
2649,0
2650,0
2651,0
2652,0
2653,0
2654,0
2655,0
2656,0
2657,0
2658,0
2659,0
2660,0
2661,0
2662,0
2663,0
2664,0
2665,0
2666,0
2667,0
2668,1
2669,1
2670,1
2671,2
2672,2
2673,2
2674,2
2675,3
2676,3
2677,3
2678,3
2679,3
2680,3
2681,3
2682,3
2683,3
2684,3
2685,3
2686,3
2687,3
2688,3
2689,3
2690,3
2691,3
2692,3
2693,3
2694,3
2695,3
2696,3
2697,3
2698,3
2699,3
2700,3
2701,4
2702,4
2703,5
2704,5
2705,5
2706,5
2707,5
2708,5
2709,5
2710,5
2711,5
2712,5
2713,5
2714,5
2715,5
2716,5
2717,5
2718,5
2719,5
2720,5
2721,5
2722,5
2723,5
2724,5
2725,5
2726,5
2727,5
2728,5
2729,5
2730,5
2731,5
2732,5
2733,5
2734,5
2735,5
2736,5
2737,5
2738,5
2739,5
2740,5
2741,5
2742,5
2743,5
2744,5
2745,5
2746,5
2747,5
2748,5
2749,5
2750,5
2751,5
2752,5
2753,5
2754,5
2755,5
2756,5
2757,5
2758,5
2759,5
2760,5
2761,5
2762,5
2763,5
2764,5
2765,5
2766,5
2767,5
2768,5
2769,5
2770,5
2771,5
2772,5
2773,5
2774,5
2775,5
2776,5
2777,5
2778,5
2779,5
2780,5
2781,5
2782,5
2783,5
2784,5
2785,5
2786,5
2787,5
2788,5
2789,5
2790,5
2791,5
2792,5
2793,5
2794,5
2795,5
2796,5
2797,5
2798,5
2799,5
2800,5
2801,5
2802,5
2803,5
2804,5
2805,5
2806,5
2807,5
2808,5
2809,5
2810,5
2811,4
2812,4
2813,4
2814,4
2815,4
2816,4
2817,4
2818,4
2819,4
2820,3
2821,3
2822,3
2823,3
2824,3
2825,3
2826,3
2827,3
2828,2
2829,2
2830,2
2831,2
2832,2
2833,2
2834,2
2835,2
2836,2
2837,2
2838,2
2839,2
2840,2
2841,2
2842,2
2843,2
2844,2
2845,2
2846,2
2847,2
2848,2
2849,2
2850,2
2851,2
2852,2
2853,2
2854,2
2855,2
2856,2
2857,2
2858,2
2859,2
2860,2
2861,2
2862,2
2863,2
2864,2
2865,2
2866,2
2867,2
2868,2
2869,2
2870,2
2871,2
2872,2
2873,2
2874,2
2875,2
2876,2
2877,2
2878,2
2879,2
2880,2
2881,2
2882,2
2883,2
2884,2
2885,2
2886,2
2887,2
2888,1
2889,1
2890,1
2891,1
2892,1
2893,1
2894,1
2895,1
2896,1
2897,1
2898,1
2899,1
2900,1
2901,1
2902,1
2903,1
2904,1
2905,1
2906,1
2907,1
2908,1
2909,1
2910,1
2911,1
2912,1
2913,1
2914,1
2915,1
2916,1
2917,1
2918,1
2919,1
2920,1
2921,1
2922,1
2923,1
2924,1
2925,1
2926,1
2927,1
2928,1
2929,1
2930,1
2931,1
2932,1
2933,1
2934,1
2935,1
2936,1
2937,1
2938,1
2939,1
2940,1
2941,1
2942,1
2943,1
2944,1
2945,1
2946,1
2947,1
2948,1
2949,1
2950,1
2951,1
2952,1
2953,1
2954,1
2955,1
2956,1
2957,1
2958,1
2959,1
2960,1
2961,0
2962,0
2963,0
2964,0
2965,0
2966,0
2967,0
2968,0
2969,0
2970,0
2971,0
2972,0
2973,0
2974,0
2975,0
2976,0
2977,0
2978,0
2979,0
2980,0
2981,0
2982,0
2983,0
2984,0
2985,0
2986,0
2987,0
2988,0
2989,0
2990,0
2991,0
2992,0
2993,0
2994,0
2995,0
2996,0
2997,0
2998,0
2999,0
3000,0
3001,0
3002,1
3003,1
3004,1
3005,1
3006,1
3007,1
3008,1
3009,2
3010,2
3011,2
3012,2
3013,2
3014,2
3015,2
3016,2
3017,2
3018,2
3019,2
3020,2
3021,2
3022,2
3023,2
3024,2
3025,2
3026,2
3027,2
3028,2
3029,2
3030,2
3031,2
3032,2
3033,2
3034,2
3035,2
3036,2
3037,2
3038,2
3039,2
3040,2
3041,2
3042,2
3043,2
3044,2
3045,2
3046,2
3047,2
3048,2
3049,2
3050,2
3051,2
3052,2
3053,2
3054,2
3055,2
3056,2
3057,2
3058,2
3059,2
3060,2
3061,2
3062,2
3063,2
3064,2
3065,2
3066,2
3067,2
3068,2
3069,2
3070,2
3071,2
3072,2
3073,2
3074,2
3075,2
3076,2
3077,2
3078,2
3079,2
3080,2
3081,2
3082,2
3083,2
3084,2
3085,2
3086,2
3087,2
3088,2
3089,2
3090,2
3091,2
3092,2
3093,2
3094,2
3095,2
3096,1
3097,1
3098,1
3099,1
3100,1
3101,1
3102,1
3103,1
3104,1
3105,1
3106,1
3107,1
3108,1
3109,1
3110,1
3111,1
3112,1
3113,1
3114,1
3115,1
3116,1
3117,1
3118,1
3119,1
3120,1
3121,1
3122,1
3123,1
3124,1
3125,1
3126,1
3127,1
3128,1
3129,1
3130,1
3131,1
3132,1
3133,1
3134,1
3135,1
3136,1
3137,1
3138,1
3139,1
3140,1
3141,1
3142,1
3143,1
3144,1
3145,1
3146,1
3147,1
3148,1
3149,1
3150,1
3151,1
3152,1
3153,1
3154,1
3155,1
3156,1
3157,1
3158,1
3159,1
3160,1
3161,1
3162,1
3163,1
3164,1
3165,1
3166,1
3167,1
3168,1
3169,1
3170,1
3171,1
3172,1
3173,1
3174,1
3175,1
3176,1
3177,1
3178,1
3179,1
3180,1
3181,1
3182,1
3183,1
3184,1
3185,1
3186,1
3187,1
3188,1
3189,1
3190,1
3191,1
3192,1
3193,1
3194,1
3195,1
3196,1
3197,1
3198,1
3199,1
3200,1
3201,1
3202,1
3203,1
3204,1
3205,1
3206,1
3207,1
3208,1
3209,1
3210,1
3211,1
3212,1
3213,1
3214,1
3215,1
3216,1
3217,1
3218,1
3219,1
3220,1
3221,1
3222,1
3223,1
3224,1
3225,1
3226,1
3227,1
3228,1
3229,1
3230,1
3231,1
3232,1
3233,1
3234,1
3235,1
3236,1
3237,1
3238,1
3239,1
3240,1
3241,1
3242,1
3243,1
3244,1
3245,1
3246,1
3247,1
3248,1
3249,1
3250,1
3251,1
3252,1
3253,1
3254,1
3255,1
3256,1
3257,1
3258,1
3259,1
3260,1
3261,1
3262,1
3263,1
3264,1
3265,1
3266,1
3267,1
3268,1
3269,1
3270,1
3271,1
3272,1
3273,1
3274,1
3275,1
3276,1
3277,1
3278,1
3279,1
3280,1
3281,1
3282,0
3283,0
3284,0
3285,0
3286,0
3287,0
3288,0
3289,0
3290,0
3291,0
3292,0
3293,0
3294,0
3295,0
3296,0
3297,0
3298,0
3299,0
3300,0
3301,0
3302,0
3303,0
3304,0
3305,0
3306,0
3307,0
3308,0
3309,0
3310,0
3311,0
3312,0
3313,0
3314,0
3315,0
3316,0
3317,0
3318,0
3319,0
3320,0
3321,0
3322,0
3323,0
3324,0
3325,0
3326,0
3327,0
3328,0
3329,0
3330,0
3331,0
3332,0
3333,0
3334,0
3335,0
3336,0
3337,0
3338,0
3339,0
3340,0
3341,0
3342,0
3343,0
3344,0
3345,0
3346,0
3347,0
3348,0
3349,0
3350,0
3351,0
3352,0
3353,0
3354,0
3355,0
3356,0
3357,0
3358,0
3359,0
3360,0
3361,0
3362,0
3363,0
3364,0
3365,0
3366,0
3367,0
3368,0
3369,0
3370,0
3371,0
3372,0
3373,0
3374,0
3375,0
3376,0
3377,0
3378,0
3379,0
3380,0
3381,0
3382,0
3383,0
3384,0
3385,0
3386,0
3387,0
3388,0
3389,0
3390,0
3391,0
3392,0
3393,0
3394,0
3395,0
3396,0
3397,0
3398,0
3399,0
3400,0
3401,0
3402,0
3403,0
3404,0
3405,0
3406,0
3407,0
3408,0
3409,0
3410,0
3411,0
3412,0
3413,0
3414,0
3415,0
3416,0
3417,0
3418,0
3419,0
3420,0
3421,0
3422,0
3423,0
3424,0
3425,0
3426,0
3427,0
3428,0
3429,0
3430,0
3431,0
3432,0
3433,0
3434,0
3435,0
3436,0
3437,0
3438,0
3439,0
3440,0
3441,0
3442,0
3443,0
3444,0
3445,0
3446,0
3447,0
3448,0
3449,0
3450,0
3451,0
3452,0
3453,0
3454,0
3455,0
3456,0
3457,0
3458,0
3459,0
3460,0
3461,0
3462,0
3463,0
3464,0
3465,0
3466,0
3467,0
3468,0
3469,0
3470,0
3471,0
3472,0
3473,0
3474,0
3475,0
3476,0
3477,0
3478,0
3479,0
3480,0
3481,0
3482,0
3483,0
3484,0
3485,0
3486,0
3487,0
3488,0
3489,0
3490,0
3491,0
3492,0
3493,0
3494,0
3495,0
3496,0
3497,0
3498,0
3499,0
3500,0
3501,0
3502,0
3503,0
3504,0
3505,0
3506,0
3507,0
3508,0
3509,0
3510,0
3511,0
3512,0
3513,0
3514,0
3515,0
3516,0
3517,0
3518,0
3519,0
3520,0
3521,0
3522,0
3523,0
3524,0
3525,0
3526,0
3527,0
3528,0
3529,0
3530,0
3531,0
3532,0
3533,0
3534,0
3535,0
3536,0
3537,0
3538,0
3539,0
3540,0
3541,0
3542,0
3543,0
3544,0
3545,0
3546,0
3547,0
3548,0
3549,0
3550,0
3551,0
3552,0
3553,0
3554,0
3555,0
3556,0
3557,0
3558,0
3559,0
3560,0
3561,0
3562,0
3563,0
3564,0
3565,0
3566,0
3567,0
3568,0
3569,0
3570,0
3571,0
3572,0
3573,0
3574,0
3575,0
3576,0
3577,0
3578,0
3579,0
3580,0
3581,0
3582,0
3583,0
3584,0
3585,0
3586,0
3587,0
3588,0
3589,0
3590,0
3591,0
3592,0
3593,0
3594,0
3595,0
3596,0
3597,0
3598,0
3599,0
3600,0
3601,0
3602,0
3603,0
3604,0
3605,0
3606,0
3607,0
3608,0
3609,0
3610,0
3611,0
3612,0
3613,0
3614,0
3615,0
3616,0
3617,0
3618,0
3619,0
3620,0
3621,0
3622,0
3623,0
3624,0
3625,0
3626,0
3627,0
3628,0
3629,0
3630,0
3631,0
3632,0
3633,0
3634,0
3635,0
3636,0
3637,0
3638,0
3639,0
3640,0
3641,0
3642,0
3643,0
3644,0
3645,0
3646,0
3647,0
3648,0
3649,0
3650,0
3651,0
3652,0
3653,0
3654,0
3655,0
3656,0
3657,0
3658,0
3659,0
3660,0
3661,0
3662,0
3663,0
3664,0
3665,0
3666,0
3667,0
3668,0
3669,0
3670,0
3671,0
3672,0
3673,0
3674,0
3675,0
3676,0
3677,0
3678,0
3679,0
3680,0
3681,0
3682,0
3683,0
3684,0
3685,0
3686,0
3687,0
3688,0
3689,0
3690,0
3691,0
3692,0
3693,0
3694,0
3695,0
3696,0
3697,0
3698,0
3699,0
3700,0
3701,0
3702,0
3703,0
3704,0
3705,0
3706,0
3707,0
3708,0
3709,0
3710,0
3711,0
3712,0
3713,0
3714,0
3715,0
3716,0
3717,0
3718,0
3719,0
3720,0
3721,0
3722,0
3723,0
3724,0
3725,0
3726,0
3727,0
3728,0
3729,0
3730,0
3731,0
3732,0
3733,0
3734,0
3735,0
3736,0
3737,0
3738,0
3739,0
3740,0
3741,0
3742,0
3743,0
3744,0
3745,0
3746,0
3747,0
3748,0
3749,0
3750,0
3751,0
3752,0
3753,0
3754,0
3755,0
3756,0
3757,0
3758,0
3759,0
3760,0
3761,0
3762,0
3763,0
3764,0
3765,0
3766,0
3767,0
3768,0
3769,0
3770,0
3771,0
3772,0
3773,0
3774,0
3775,0
3776,0
3777,0
3778,0
3779,0
3780,0
3781,0
3782,0
3783,0
3784,0
3785,0
3786,0
3787,0
3788,0
3789,0
3790,0
3791,0
3792,0
3793,0
3794,0
3795,0
3796,0
3797,0
3798,0
3799,0
3800,0
3801,0
3802,0
3803,0
3804,0
3805,0
3806,0
3807,0
3808,0
3809,0
3810,0
3811,0
3812,0
3813,0
3814,0
3815,0
3816,0
3817,0
3818,0
3819,0
3820,0
3821,0
3822,0
3823,0
3824,0
3825,0
3826,0
3827,0
3828,0
3829,0
3830,0
3831,0
3832,0
3833,0
3834,0
3835,0
3836,0
3837,0
3838,0
3839,0
3840,0
3841,0
3842,0
3843,0
3844,0
3845,0
3846,0
3847,0
3848,0
3849,0
3850,0
3851,0
3852,0
3853,0
3854,0
3855,0
3856,0
3857,0
3858,0
3859,0
3860,0
3861,0
3862,0
3863,0
3864,0
3865,0
3866,0
3867,0
3868,0
3869,0
3870,0
3871,0
3872,0
3873,0
3874,0
3875,0
3876,0
3877,0
3878,0
3879,0
3880,0
3881,0
3882,0
3883,0
3884,0
3885,0
3886,0
3887,0
3888,0
3889,0
3890,0
3891,0
3892,0
3893,0
3894,0
3895,0
3896,0
3897,0
3898,0
3899,0
3900,0
3901,0
3902,0
3903,0
3904,0
3905,0
3906,0
3907,0
3908,0
3909,0
3910,0
3911,0
3912,0
3913,0
3914,0
3915,0
3916,0
3917,0
3918,0
3919,0
3920,0
3921,0
3922,0
3923,0
3924,0
3925,0
3926,0
3927,0
3928,0
3929,0
3930,0
3931,0
3932,0
3933,0
3934,0
3935,0
3936,0
3937,0
3938,0
3939,0
3940,0
3941,0
3942,0
3943,0
3944,1
3945,1
3946,1
3947,2
3948,2
3949,2
3950,2
3951,2
3952,2
3953,2
3954,2
3955,2
3956,2
3957,2
3958,2
3959,2
3960,2
3961,2
3962,2
3963,2
3964,2
3965,2
3966,2
3967,2
3968,2
3969,2
3970,2
3971,2
3972,2
3973,2
3974,2
3975,2
3976,2
3977,2
3978,2
3979,2
3980,2
3981,2
3982,2
3983,2
3984,2
3985,2
3986,2
3987,2
3988,2
3989,2
3990,2
3991,2
3992,2
3993,2
3994,2
3995,2
3996,2
3997,2
3998,2
3999,2
4000,2
4001,2
4002,2
4003,2
4004,2
4005,2
4006,2
4007,2
4008,2
4009,2
4010,2
4011,2
4012,2
4013,2
4014,2
4015,2
4016,2
4017,2
4018,2
4019,2
4020,2
4021,2
4022,2
4023,2
4024,2
4025,2
4026,2
4027,2
4028,2
4029,2
4030,2
4031,2
4032,2
4033,2
4034,2
4035,2
4036,2
4037,2
4038,2
4039,2
4040,2
4041,2
4042,2
4043,2
4044,2
4045,2
4046,2
4047,2
4048,2
4049,2
4050,2
4051,2
4052,2
4053,2
4054,2
4055,2
4056,2
4057,2
4058,2
4059,2
4060,2
4061,2
4062,2
4063,2
4064,2
4065,2
4066,2
4067,2
4068,2
4069,2
4070,2
4071,2
4072,2
4073,2
4074,2
4075,2
4076,2
4077,2
4078,2
4079,2
4080,2
4081,2
4082,2
4083,2
4084,2
4085,2
4086,2
4087,2
4088,2
4089,2
4090,2
4091,2
4092,2
4093,2
4094,2
4095,2
4096,2
4097,2
4098,2
4099,2
4100,2
4101,2
4102,2
4103,2
4104,2
4105,2
4106,2
4107,2
4108,2
4109,2
4110,2
4111,2
4112,2
4113,2
4114,2
4115,2
4116,2
4117,2
4118,2
4119,2
4120,2
4121,2
4122,2
4123,2
4124,2
4125,2
4126,2
4127,2
4128,2
4129,2
4130,2
4131,2
4132,2
4133,2
4134,2
4135,2
4136,2
4137,2
4138,2
4139,2
4140,2
4141,2
4142,2
4143,2
4144,2
4145,2
4146,2
4147,2
4148,2
4149,2
4150,2
4151,2
4152,2
4153,2
4154,2
4155,2
4156,2
4157,2
4158,2
4159,2
4160,2
4161,2
4162,2
4163,2
4164,2
4165,2
4166,2
4167,2
4168,2
4169,2
4170,2
4171,2
4172,2
4173,2
4174,2
4175,2
4176,2
4177,2
4178,2
4179,2
4180,2
4181,2
4182,2
4183,2
4184,2
4185,2
4186,2
4187,2
4188,2
4189,2
4190,2
4191,2
4192,2
4193,2
4194,2
4195,2
4196,2
4197,2
4198,2
4199,2
4200,2
4201,2
4202,2
4203,2
4204,2
4205,2
4206,2
4207,2
4208,2
4209,2
4210,2
4211,2
4212,2
4213,2
4214,2
4215,2
4216,2
4217,2
4218,2
4219,2
4220,2
4221,2
4222,2
4223,2
4224,2
4225,2
4226,2
4227,2
4228,2
4229,2
4230,2
4231,2
4232,2
4233,2
4234,2
4235,2
4236,2
4237,2
4238,2
4239,2
4240,2
4241,2
4242,2
4243,2
4244,2
4245,2
4246,2
4247,2
4248,2
4249,2
4250,2
4251,2
4252,2
4253,2
4254,2
4255,2
4256,2
4257,2
4258,2
4259,2
4260,2
4261,2
4262,2
4263,2
4264,2
4265,2
4266,2
4267,2
4268,2
4269,2
4270,2
4271,2
4272,2
4273,2
4274,2
4275,2
4276,2
4277,2
4278,2
4279,2
4280,2
4281,2
4282,2
4283,2
4284,2
4285,2
4286,2
4287,2
4288,2
4289,2
4290,2
4291,2
4292,2
4293,2
4294,2
4295,2
4296,2
4297,2
4298,2
4299,2
4300,2
4301,2
4302,2
4303,2
4304,2
4305,2
4306,2
4307,2
4308,2
4309,2
4310,2
4311,2
4312,2
4313,2
4314,2
4315,2
4316,2
4317,2
4318,2
4319,2
4320,2
4321,2
4322,2
4323,2
4324,2
4325,2
4326,2
4327,2
4328,2
4329,2
4330,2
4331,2
4332,2
4333,2
4334,2
4335,2
4336,2
4337,2
4338,2
4339,2
4340,2
4341,2
4342,2
4343,2
4344,2
4345,2
4346,2
4347,2
4348,2
4349,2
4350,2
4351,2
4352,2
4353,2
4354,2
4355,2
4356,2
4357,2
4358,2
4359,2
4360,2
4361,2
4362,2
4363,2
4364,2
4365,2
4366,2
4367,2
4368,2
4369,2
4370,2
4371,2
4372,2
4373,2
4374,2
4375,2
4376,2
4377,2
4378,2
4379,2
4380,2
4381,2
4382,2
4383,2
4384,2
4385,2
4386,2
4387,2
4388,2
4389,2
4390,2
4391,2
4392,2
4393,2
4394,2
4395,2
4396,2
4397,2
4398,2
4399,2
4400,2
4401,2
4402,2
4403,2
4404,2
4405,2
4406,2
4407,2
4408,2
4409,2
4410,2
4411,2
4412,2
4413,2
4414,2
4415,2
4416,2
4417,2
4418,2
4419,2
4420,2
4421,2
4422,2
4423,2
4424,2
4425,2
4426,2
4427,2
4428,2
4429,2
4430,2
4431,2
4432,2
4433,2
4434,2
4435,2
4436,2
4437,2
4438,2
4439,2
4440,2
4441,2
4442,2
4443,2
4444,2
4445,2
4446,2
4447,2
4448,2
4449,2
4450,2
4451,2
4452,2
4453,2
4454,2
4455,2
4456,2
4457,2
4458,2
4459,2
4460,2
4461,2
4462,2
4463,2
4464,2
4465,2
4466,2
4467,2
4468,2
4469,2
4470,2
4471,2
4472,2
4473,2
4474,2
4475,2
4476,2
4477,2
4478,2
4479,2
4480,2
4481,2
4482,2
4483,2
4484,2
4485,2
4486,2
4487,2
4488,2
4489,2
4490,2
4491,2
4492,2
4493,2
4494,2
4495,2
4496,2
4497,2
4498,2
4499,2
4500,2
4501,2
4502,2
4503,2
4504,2
4505,2
4506,2
4507,2
4508,2
4509,2
4510,2
4511,2
4512,2
4513,2
4514,2
4515,2
4516,2
4517,2
4518,2
4519,2
4520,2
4521,2
4522,2
4523,2
4524,2
4525,2
4526,1
4527,1
4528,0
4529,0
4530,0
4531,0
4532,0
4533,0
4534,0
4535,0
4536,0
4537,0
4538,0
4539,0
4540,0
4541,0
4542,0
4543,0
4544,0
4545,0
4546,0
4547,0
4548,0
4549,0
4550,0
4551,0
4552,0
4553,0
4554,0
4555,0
4556,0
4557,0
4558,0
4559,0
4560,0
4561,0
4562,0
4563,0
4564,0
4565,0
4566,0
4567,0
4568,0
4569,0
4570,0
4571,0
4572,0
4573,0
4574,0
4575,0
4576,0
4577,0
4578,0
4579,0
4580,0
4581,0
4582,0
4583,0
4584,0
4585,0
4586,0
4587,0
4588,0
4589,0
4590,0
4591,0
4592,0
4593,0
4594,0
4595,0
4596,0
4597,0
4598,0
4599,0
4600,0
4601,0
4602,0
4603,0
4604,0
4605,0
4606,0
4607,0
4608,0
4609,0
4610,0
4611,0
4612,0
4613,0
4614,0
4615,0
4616,0
4617,0
4618,0
4619,0
4620,0
4621,0
4622,0
4623,0
4624,0
4625,0
4626,0
4627,0
4628,0
4629,0
4630,0
4631,0
4632,0
4633,0
4634,0
4635,0
4636,0
4637,0
4638,0
4639,0
4640,0
4641,0
4642,0
4643,0
4644,0
4645,0
4646,0
4647,0
4648,0
4649,0
4650,0
4651,0
4652,0
4653,0
4654,0
4655,0
4656,0
4657,0
4658,0
4659,0
4660,0
4661,0
4662,0
4663,0
4664,0
4665,0
4666,0
4667,0
4668,0
4669,0
4670,0
4671,0
4672,0
4673,0
4674,0
4675,0
4676,0
4677,0
4678,0
4679,0
4680,0
4681,0
4682,0
4683,0
4684,0
4685,0
4686,0
4687,0
4688,0
4689,0
4690,0
4691,0
4692,0
4693,0
4694,0
4695,0
4696,0
4697,0
4698,0
4699,0
4700,0
4701,0
4702,0
4703,0
4704,0
4705,0
4706,0
4707,0
4708,0
4709,0
4710,0
4711,0
4712,0
4713,0
4714,0
4715,0
4716,0
4717,0
4718,0
4719,0
4720,0
4721,0
4722,0
4723,0
4724,0
4725,0
4726,0
4727,0
4728,0
4729,0
4730,0
4731,0
4732,0
4733,0
4734,0
4735,0
4736,0
4737,0
4738,0
4739,0
4740,0
4741,0
4742,0
4743,0
4744,0
4745,0
4746,0
4747,0
4748,0
4749,1
4750,1
4751,2
4752,3
4753,3
4754,3
4755,3
4756,3
4757,3
4758,3
4759,4
4760,4
4761,4
4762,4
4763,4
4764,4
4765,4
4766,4
4767,4
4768,4
4769,4
4770,4
4771,4
4772,3
4773,3
4774,3
4775,3
4776,3
4777,3
4778,3
4779,3
4780,3
4781,3
4782,3
4783,3
4784,3
4785,3
4786,3
4787,3
4788,3
4789,3
4790,3
4791,3
4792,3
4793,3
4794,3
4795,3
4796,3
4797,3
4798,3
4799,3
4800,3
4801,3
4802,3
4803,3
4804,3
4805,3
4806,3
4807,3
4808,3
4809,3
4810,2
4811,2
4812,2
4813,2
4814,2
4815,2
4816,2
4817,2
4818,2
4819,2
4820,2
4821,2
4822,2
4823,2
4824,2
4825,2
4826,2
4827,2
4828,2
4829,2
4830,2
4831,2
4832,2
4833,2
4834,2
4835,2
4836,2
4837,2
4838,2
4839,2
4840,2
4841,2
4842,2
4843,2
4844,2
4845,2
