1,0
2,0
3,0
4,0
5,0
6,0
7,0
8,0
9,0
10,0
11,0
12,0
13,0
14,0
15,0
16,0
17,0
18,0
19,0
20,0
21,0
22,0
23,0
24,0
25,0
26,0
27,0
28,0
29,0
30,0
31,0
32,0
33,0
34,0
35,0
36,0
37,0
38,0
39,0
40,0
41,0
42,0
43,0
44,0
45,0
46,0
47,0
48,0
49,0
50,0
51,0
52,0
53,0
54,0
55,0
56,0
57,0
58,0
59,0
60,0
61,0
62,0
63,0
64,0
65,0
66,0
67,0
68,0
69,0
70,0
71,0
72,0
73,0
74,0
75,0
76,0
77,0
78,0
79,0
80,0
81,0
82,0
83,0
84,0
85,0
86,0
87,0
88,0
89,0
90,0
91,0
92,0
93,0
94,0
95,0
96,0
97,0
98,0
99,0
100,0
101,0
102,0
103,0
104,0
105,0
106,0
107,0
108,0
109,0
110,0
111,0
112,0
113,0
114,0
115,0
116,0
117,0
118,0
119,0
120,0
121,0
122,0
123,1
124,2
125,3
126,3
127,3
128,3
129,3
130,3
131,3
132,3
133,3
134,4
135,4
136,4
137,4
138,4
139,4
140,4
141,4
142,4
143,4
144,4
145,4
146,4
147,4
148,4
149,4
150,4
151,4
152,4
153,4
154,4
155,4
156,4
157,4
158,4
159,4
160,4
161,4
162,4
163,4
164,4
165,4
166,4
167,4
168,4
169,4
170,4
171,4
172,4
173,4
174,4
175,4
176,4
177,4
178,4
179,4
180,4
181,4
182,4
183,4
184,4
185,4
186,4
187,4
188,4
189,4
190,4
191,4
192,4
193,4
194,4
195,4
196,4
197,4
198,4
199,4
200,4
201,4
202,4
203,4
204,4
205,4
206,4
207,4
208,4
209,4
210,4
211,4
212,4
213,4
214,4
215,4
216,4
217,4
218,4
219,4
220,4
221,4
222,4
223,3
224,3
225,3
226,3
227,3
228,2
229,1
230,1
231,0
232,0
233,0
234,0
235,0
236,0
237,0
238,0
239,0
240,0
241,0
242,0
243,0
244,0
245,0
246,0
247,0
248,0
249,0
250,0
251,0
252,0
253,0
254,0
255,0
256,0
257,0
258,0
259,0
260,0
261,0
262,0
263,0
264,0
265,0
266,0
267,0
268,0
269,0
270,0
271,0
272,0
273,0
274,0
275,0
276,0
277,0
278,0
279,0
280,0
281,0
282,0
283,0
284,0
285,0
286,0
287,0
288,0
289,0
290,0
291,0
292,0
293,0
294,0
295,0
296,0
297,0
298,0
299,0
300,0
301,0
302,0
303,0
304,0
305,0
306,0
307,0
308,0
309,0
310,0
311,0
312,0
313,0
314,0
315,0
316,0
317,0
318,0
319,0
320,0
321,0
322,0
323,0
324,0
325,0
326,0
327,0
328,0
329,0
330,0
331,0
332,0
333,0
334,0
335,0
336,0
337,0
338,0
339,0
340,0
341,0
342,0
343,0
344,0
345,0
346,0
347,0
348,0
349,0
350,0
351,0
352,0
353,0
354,0
355,0
356,0
357,0
358,0
359,0
360,0
361,0
362,0
363,0
364,0
365,0
366,0
367,0
368,0
369,0
370,0
371,0
372,0
373,0
374,0
375,0
376,0
377,0
378,0
379,0
380,0
381,0
382,0
383,0
384,0
385,0
386,0
387,0
388,0
389,0
390,0
391,0
392,0
393,0
394,0
395,0
396,0
397,0
398,0
399,0
400,0
401,0
402,0
403,0
404,0
405,0
406,0
407,0
408,0
409,0
410,0
411,0
412,0
413,0
414,0
415,0
416,0
417,0
418,0
419,0
420,0
421,0
422,0
423,0
424,0
425,0
426,0
427,0
428,0
429,0
430,0
431,0
432,0
433,0
434,0
435,0
436,0
437,0
438,0
439,0
440,0
441,0
442,0
443,0
444,0
445,0
446,0
447,0
448,0
449,0
450,0
451,0
452,0
453,0
454,0
455,0
456,0
457,0
458,0
459,0
460,0
461,0
462,0
463,0
464,0
465,0
466,0
467,0
468,0
469,0
470,0
471,0
472,0
473,0
474,0
475,0
476,0
477,0
478,0
479,0
480,0
481,0
482,0
483,0
484,0
485,0
486,0
487,0
488,0
489,0
490,0
491,0
492,0
493,0
494,0
495,0
496,0
497,0
498,0
499,0
500,0
501,0
502,0
503,0
504,0
505,0
506,0
507,0
508,0
509,0
510,0
511,0
512,0
513,0
514,0
515,0
516,0
517,0
518,0
519,0
520,0
521,0
522,0
523,0
524,0
525,0
526,0
527,0
528,0
529,0
530,0
531,0
532,0
533,0
534,0
535,0
536,0
537,0
538,0
539,0
540,0
541,1
542,2
543,2
544,2
545,3
546,3
547,3
548,3
549,3
550,3
551,3
552,3
553,3
554,3
555,3
556,3
557,3
558,3
559,3
560,3
561,4
562,4
563,4
564,4
565,4
566,4
567,4
568,4
569,4
570,4
571,4
572,4
573,4
574,4
575,4
576,4
577,4
578,4
579,4
580,4
581,4
582,4
583,4
584,4
585,4
586,4
587,4
588,4
589,4
590,4
591,4
592,4
593,4
594,4
595,4
596,4
597,4
598,4
599,4
600,4
601,4
602,4
603,4
604,4
605,4
606,4
607,4
608,4
609,4
610,4
611,4
612,4
613,4
614,4
615,4
616,4
617,4
618,4
619,4
620,4
621,4
622,4
623,4
624,4
625,4
626,4
627,4
628,4
629,4
630,4
631,4
632,4
633,4
634,4
635,4
636,4
637,4
638,4
639,4
640,4
641,4
642,4
643,4
644,4
645,4
646,4
647,4
648,4
649,4
650,4
651,4
652,4
653,4
654,4
655,4
656,4
657,4
658,4
659,4
660,4
661,4
662,4
663,4
664,4
665,4
666,4
667,4
668,4
669,4
670,4
671,4
672,4
673,4
674,4
675,4
676,4
677,4
678,4
679,4
680,4
681,4
682,4
683,4
684,4
685,3
686,3
687,3
688,3
689,3
690,3
691,3
692,3
693,3
694,3
695,3
696,3
697,3
698,3
699,3
700,3
701,3
702,3
703,3
704,3
705,3
706,3
707,3
708,3
709,3
710,3
711,3
712,3
713,3
714,3
715,3
716,3
717,2
718,1
719,1
720,0
721,0
722,0
723,0
724,0
725,0
726,0
727,0
728,0
729,0
730,0
731,1
732,2
733,3
734,3
735,3
736,3
737,3
738,3
739,4
740,4
741,4
742,4
743,4
744,4
745,4
746,4
747,4
748,4
749,4
750,4
751,4
752,4
753,4
754,4
755,4
756,4
757,4
758,4
759,4
760,4
761,4
762,4
763,4
764,4
765,4
766,4
767,4
768,4
769,4
770,4
771,4
772,4
773,4
774,4
775,4
776,4
777,4
778,4
779,4
780,4
781,4
782,4
783,4
784,4
785,4
786,4
787,4
788,4
789,4
790,4
791,4
792,4
793,4
794,4
795,4
796,4
797,4
798,4
799,4
800,4
801,4
802,4
803,4
804,4
805,4
806,3
807,3
808,3
809,3
810,3
811,3
812,3
813,3
814,2
815,1
816,1
817,1
818,1
819,0
820,0
821,0
822,0
823,0
824,0
825,0
826,0
827,0
828,0
829,0
830,0
831,0
832,0
833,0
834,0
835,0
836,0
837,0
838,0
839,0
840,0
841,0
842,0
843,0
844,0
845,0
846,0
847,0
848,0
849,0
850,0
851,0
852,0
853,0
854,0
855,0
856,0
857,0
858,0
859,0
860,0
861,0
862,0
863,0
864,0
865,0
866,0
867,0
868,0
869,0
870,0
871,0
872,0
873,0
874,0
875,0
876,0
877,0
878,0
879,0
880,0
881,0
882,0
883,0
884,0
885,0
886,0
887,0
888,0
889,0
890,0
891,0
892,0
893,0
894,0
895,0
896,0
897,0
898,0
899,0
900,0
901,0
902,0
903,0
904,0
905,0
906,0
907,0
908,0
909,1
910,2
911,3
912,3
913,3
914,3
915,3
916,3
917,3
918,3
919,3
920,3
921,3
922,3
923,3
924,3
925,3
926,3
927,3
928,3
929,3
930,3
931,3
932,3
933,3
934,3
935,3
936,3
937,3
938,3
939,3
940,3
941,3
942,3
943,3
944,3
945,3
946,3
947,3
948,3
949,3
950,3
951,3
952,3
953,3
954,3
955,3
956,3
957,3
958,3
959,3
960,3
961,3
962,3
963,3
964,3
965,3
966,3
967,3
968,3
969,3
970,3
971,3
972,3
973,3
974,3
975,3
976,3
977,3
978,3
979,3
980,3
981,3
982,3
983,3
984,3
985,3
986,3
987,3
988,3
989,3
990,3
991,3
992,3
993,3
994,3
995,3
996,3
997,3
998,3
999,3
1000,3
1001,3
1002,3
1003,3
1004,3
1005,3
1006,3
1007,3
1008,3
1009,3
1010,3
1011,3
1012,3
1013,3
1014,3
1015,3
1016,3
1017,3
1018,3
1019,3
1020,3
1021,3
1022,3
1023,3
1024,3
1025,3
1026,3
1027,3
1028,3
1029,3
1030,3
1031,3
1032,3
1033,3
1034,3
1035,3
1036,3
1037,3
1038,3
1039,3
1040,3
1041,3
1042,3
1043,3
1044,3
1045,3
1046,3
1047,3
1048,3
1049,3
1050,3
1051,3
1052,3
1053,3
1054,3
1055,3
1056,3
1057,3
1058,3
1059,3
1060,3
1061,3
1062,3
1063,3
1064,3
1065,3
1066,3
1067,3
1068,3
1069,3
1070,3
1071,3
1072,3
1073,3
1074,3
1075,3
1076,3
1077,3
1078,3
1079,3
1080,3
1081,3
1082,3
1083,3
1084,3
1085,3
1086,3
1087,3
1088,3
1089,3
1090,3
1091,3
1092,3
1093,3
1094,3
1095,3
1096,3
1097,3
1098,3
1099,3
1100,3
1101,3
1102,3
1103,3
1104,3
1105,3
1106,3
1107,3
1108,3
1109,3
1110,3
1111,3
1112,3
1113,3
1114,3
1115,3
1116,3
1117,3
1118,3
1119,3
1120,3
1121,3
1122,3
1123,3
1124,3
1125,3
1126,3
1127,3
1128,3
1129,3
1130,3
1131,3
1132,3
1133,3
1134,3
1135,3
1136,3
1137,3
1138,3
1139,3
1140,3
1141,3
1142,3
1143,3
1144,3
1145,3
1146,3
1147,3
1148,3
1149,3
1150,3
1151,3
1152,3
1153,3
1154,3
1155,3
1156,3
1157,3
1158,3
1159,3
1160,3
1161,3
1162,3
1163,3
1164,3
1165,3
1166,3
1167,2
1168,1
1169,1
1170,0
1171,0
1172,0
1173,0
1174,0
1175,0
1176,0
1177,0
1178,0
1179,0
1180,0
1181,0
1182,0
1183,0
1184,0
1185,0
1186,0
1187,0
1188,0
1189,0
1190,0
1191,0
1192,0
1193,0
1194,0
1195,0
1196,0
1197,0
1198,0
1199,0
1200,0
1201,0
1202,0
1203,0
1204,0
1205,0
1206,0
1207,0
1208,0
1209,0
1210,0
1211,0
1212,0
1213,0
1214,0
1215,0
1216,0
1217,0
1218,0
1219,0
1220,0
1221,0
1222,0
1223,0
1224,0
1225,0
1226,0
1227,0
1228,0
1229,0
1230,0
1231,0
1232,0
1233,1
1234,1
1235,2
1236,3
1237,3
1238,3
1239,3
1240,3
1241,3
1242,3
1243,3
1244,3
1245,3
1246,3
1247,3
1248,3
1249,3
1250,3
1251,3
1252,3
1253,3
1254,3
1255,3
1256,3
1257,3
1258,3
1259,3
1260,3
1261,3
1262,3
1263,3
1264,3
1265,3
1266,3
1267,3
1268,3
1269,3
1270,2
1271,2
1272,2
1273,1
1274,1
1275,1
1276,1
1277,0
1278,0
1279,0
1280,0
1281,0
1282,0
1283,0
1284,0
1285,0
1286,0
1287,0
1288,0
1289,0
1290,0
1291,0
1292,0
1293,0
1294,0
1295,0
1296,0
1297,0
1298,0
1299,0
1300,0
1301,0
1302,0
1303,0
1304,0
1305,0
1306,0
1307,0
1308,0
1309,0
1310,0
1311,0
1312,0
1313,0
1314,0
1315,0
1316,0
1317,0
1318,0
1319,0
1320,0
1321,0
1322,0
1323,0
1324,0
1325,0
1326,0
1327,0
1328,0
1329,0
1330,0
1331,0
1332,0
1333,0
1334,0
1335,0
1336,0
1337,0
1338,0
1339,0
1340,0
1341,0
1342,0
1343,0
1344,0
1345,0
1346,0
1347,0
1348,0
1349,0
1350,0
1351,0
1352,0
1353,0
1354,0
1355,0
1356,0
1357,0
1358,0
1359,0
1360,0
1361,0
1362,0
1363,0
1364,0
1365,0
1366,0
1367,0
1368,0
1369,0
1370,0
1371,0
1372,0
1373,0
1374,0
1375,0
1376,0
1377,0
1378,0
1379,0
1380,0
1381,0
1382,0
1383,0
1384,0
1385,0
1386,0
1387,0
1388,0
1389,0
1390,0
1391,0
1392,0
1393,0
1394,0
1395,0
1396,0
1397,0
1398,0
1399,0
1400,0
1401,0
1402,0
1403,0
1404,0
1405,0
1406,0
1407,0
1408,0
1409,0
1410,0
1411,0
1412,0
1413,0
1414,0
1415,0
1416,0
1417,1
1418,1
1419,1
1420,1
1421,2
1422,2
1423,2
1424,3
1425,3
1426,3
1427,3
1428,3
1429,3
1430,3
1431,3
1432,3
1433,3
1434,3
1435,3
1436,3
1437,3
1438,3
1439,3
1440,3
1441,3
1442,3
1443,3
1444,3
1445,3
1446,3
1447,3
1448,3
1449,3
1450,3
1451,3
1452,2
1453,2
1454,2
1455,1
1456,1
1457,1
1458,1
1459,2
1460,2
1461,2
1462,2
1463,3
1464,3
1465,3
1466,3
1467,3
1468,3
1469,3
1470,3
1471,3
1472,3
1473,3
1474,3
1475,3
1476,3
1477,3
1478,3
1479,3
1480,3
1481,3
1482,3
1483,3
1484,3
1485,3
1486,3
1487,3
1488,3
1489,2
1490,2
1491,1
1492,1
1493,0
1494,0
1495,0
1496,0
1497,0
1498,0
1499,0
1500,0
1501,0
1502,0
1503,0
1504,0
1505,0
1506,0
1507,0
1508,0
1509,0
1510,0
1511,0
1512,0
1513,0
1514,0
1515,0
1516,0
1517,0
1518,0
1519,0
1520,0
1521,0
1522,0
1523,0
1524,0
1525,0
1526,0
1527,0
1528,0
1529,0
1530,0
1531,0
1532,0
1533,0
1534,0
1535,0
1536,0
1537,0
1538,0
1539,0
1540,0
1541,0
1542,0
1543,0
1544,0
1545,0
1546,0
1547,0
1548,0
1549,0
1550,0
1551,0
1552,0
1553,0
1554,0
1555,0
1556,0
1557,0
1558,0
1559,0
1560,0
1561,0
1562,0
1563,0
1564,0
1565,0
1566,0
1567,0
1568,0
1569,0
1570,0
1571,0
1572,0
1573,0
1574,0
1575,0
1576,0
1577,0
1578,0
1579,0
1580,0
1581,0
1582,0
1583,0
1584,0
1585,0
1586,0
1587,0
1588,0
1589,0
1590,0
1591,0
1592,0
1593,0
1594,0
1595,0
1596,0
1597,0
1598,0
1599,0
1600,0
1601,0
1602,0
1603,0
1604,0
1605,0
1606,0
1607,0
1608,0
1609,0
1610,0
1611,0
1612,0
1613,0
1614,0
1615,0
1616,0
1617,0
1618,0
1619,0
1620,0
1621,0
1622,0
1623,0
1624,0
1625,0
1626,0
1627,0
1628,0
1629,0
1630,0
1631,0
1632,0
1633,0
1634,0
1635,0
1636,0
1637,0
1638,0
1639,0
1640,0
1641,0
1642,0
1643,0
1644,0
1645,0
1646,0
1647,0
1648,0
1649,0
1650,0
1651,0
1652,0
1653,0
1654,0
1655,0
1656,0
1657,0
1658,0
1659,0
1660,0
1661,0
1662,0
1663,0
1664,0
1665,0
1666,0
1667,0
1668,0
1669,0
1670,0
1671,0
1672,0
1673,0
1674,0
1675,0
1676,0
1677,0
1678,0
1679,0
1680,0
1681,0
1682,0
1683,0
1684,0
1685,0
1686,0
1687,0
1688,0
1689,0
1690,0
1691,0
1692,0
1693,0
1694,0
1695,0
1696,0
1697,0
1698,0
1699,0
1700,0
1701,0
1702,0
1703,0
1704,0
1705,0
1706,0
1707,0
1708,0
1709,0
1710,0
1711,0
1712,0
1713,0
1714,0
1715,1
1716,2
1717,2
1718,2
1719,3
1720,3
1721,3
1722,3
1723,3
1724,3
1725,3
1726,4
1727,4
1728,4
1729,4
1730,4
1731,4
1732,4
1733,4
1734,4
1735,4
1736,4
1737,4
1738,4
1739,4
1740,4
1741,4
1742,4
1743,4
1744,4
1745,4
1746,4
1747,4
1748,4
1749,4
1750,4
1751,4
1752,4
1753,4
1754,4
1755,4
1756,4
1757,4
1758,4
1759,4
1760,4
1761,4
1762,4
1763,4
1764,4
1765,4
1766,4
1767,4
1768,4
1769,4
1770,4
1771,4
1772,4
1773,4
1774,4
1775,4
1776,4
1777,4
1778,4
1779,4
1780,4
1781,4
1782,4
1783,4
1784,4
1785,4
1786,4
1787,4
1788,4
1789,4
1790,4
1791,4
1792,4
1793,4
1794,4
1795,3
1796,3
1797,3
1798,3
1799,3
1800,3
1801,3
1802,3
1803,3
1804,3
1805,3
1806,3
1807,3
1808,3
1809,3
1810,3
1811,3
1812,3
1813,3
1814,3
1815,3
1816,3
1817,3
1818,3
1819,3
1820,3
1821,3
1822,3
1823,3
1824,3
1825,3
1826,3
1827,3
1828,3
1829,3
1830,3
1831,3
1832,3
1833,3
1834,3
1835,3
1836,3
1837,3
1838,3
1839,3
1840,3
1841,3
1842,3
1843,3
1844,3
1845,3
1846,3
1847,3
1848,3
1849,3
1850,3
1851,3
1852,3
1853,3
1854,3
1855,3
1856,3
1857,3
1858,3
1859,3
1860,3
1861,3
1862,3
1863,3
1864,3
1865,3
1866,3
1867,3
1868,3
1869,3
1870,3
1871,3
1872,3
1873,3
1874,3
1875,3
1876,3
1877,3
1878,3
1879,3
1880,3
1881,3
1882,3
1883,3
1884,3
1885,3
1886,3
1887,3
1888,3
1889,2
1890,2
1891,2
1892,2
1893,2
1894,3
1895,3
1896,3
1897,3
1898,3
1899,3
1900,3
1901,3
1902,3
1903,3
1904,3
1905,3
1906,3
1907,3
1908,3
1909,3
1910,3
1911,3
1912,3
1913,3
1914,3
1915,3
1916,3
1917,3
1918,3
1919,3
1920,3
1921,3
1922,3
1923,3
1924,3
1925,3
1926,3
1927,3
1928,3
1929,4
1930,4
1931,4
1932,4
1933,4
1934,4
1935,4
1936,3
1937,3
1938,3
1939,3
1940,3
1941,3
1942,3
1943,3
1944,3
1945,3
1946,3
1947,3
1948,3
1949,3
1950,3
1951,3
1952,3
1953,3
1954,3
1955,3
1956,3
1957,3
1958,3
1959,3
1960,3
1961,3
1962,3
1963,3
1964,3
1965,3
1966,3
1967,3
1968,3
1969,3
1970,3
1971,3
1972,3
1973,3
1974,3
1975,3
1976,3
1977,3
1978,3
1979,3
1980,3
1981,3
1982,3
1983,3
1984,3
1985,3
1986,3
1987,3
1988,3
1989,3
1990,3
1991,3
1992,3
1993,3
1994,3
1995,3
1996,3
1997,3
1998,3
1999,3
2000,3
2001,3
2002,3
2003,3
2004,3
2005,3
2006,3
2007,3
2008,3
2009,2
2010,2
2011,2
2012,2
2013,2
2014,2
2015,2
2016,2
2017,2
2018,2
2019,3
2020,3
2021,3
2022,3
2023,3
2024,3
2025,3
2026,3
2027,3
2028,3
2029,3
2030,3
2031,3
2032,3
2033,3
2034,3
2035,3
2036,3
2037,3
2038,3
2039,3
2040,3
2041,3
2042,3
2043,3
2044,3
2045,3
2046,3
2047,3
2048,3
2049,3
2050,3
2051,3
2052,3
2053,3
2054,3
2055,3
2056,3
2057,3
2058,3
2059,3
2060,3
2061,3
2062,3
2063,3
2064,3
2065,3
2066,3
2067,3
2068,3
2069,3
2070,3
2071,3
2072,3
2073,3
2074,3
2075,3
2076,3
2077,3
2078,3
2079,3
2080,3
2081,3
2082,3
2083,3
2084,3
2085,3
2086,3
2087,3
2088,3
2089,3
2090,3
2091,3
2092,2
2093,2
2094,1
2095,1
2096,0
2097,0
2098,0
2099,0
2100,0
2101,0
2102,0
2103,0
2104,0
2105,0
2106,0
2107,0
2108,0
2109,0
2110,0
2111,0
2112,0
2113,0
2114,0
2115,0
2116,0
2117,0
2118,0
2119,0
2120,0
2121,0
2122,0
2123,0
2124,0
2125,0
2126,0
2127,0
2128,0
2129,0
2130,0
2131,0
2132,0
2133,0
2134,0
2135,0
2136,0
2137,0
2138,0
2139,0
2140,0
2141,0
2142,0
2143,0
2144,0
2145,0
2146,0
2147,0
2148,0
2149,0
2150,0
2151,0
2152,0
2153,0
2154,0
2155,0
2156,0
2157,0
2158,0
2159,0
2160,0
2161,0
2162,0
2163,0
2164,0
2165,0
2166,0
2167,0
2168,0
2169,0
2170,0
2171,0
2172,0
2173,0
2174,0
2175,0
2176,0
2177,0
2178,0
2179,0
2180,0
2181,0
2182,0
2183,0
2184,0
2185,0
2186,0
2187,0
2188,0
2189,0
2190,0
2191,0
2192,0
2193,0
2194,0
2195,0
2196,0
2197,0
2198,0
2199,0
2200,0
2201,0
2202,0
2203,0
2204,0
2205,0
2206,0
2207,0
2208,0
2209,0
2210,0
2211,0
2212,0
2213,0
2214,0
2215,0
2216,0
2217,0
2218,0
2219,0
2220,0
2221,0
2222,0
2223,0
2224,0
2225,0
2226,0
2227,0
2228,0
2229,0
2230,0
2231,0
2232,0
2233,0
2234,0
2235,0
2236,0
2237,0
2238,0
2239,0
2240,0
2241,0
2242,0
2243,0
2244,0
2245,0
2246,0
2247,0
2248,0
2249,0
2250,0
2251,0
2252,0
2253,0
2254,0
2255,0
2256,0
2257,0
2258,0
2259,0
2260,0
2261,0
2262,0
2263,0
2264,0
2265,0
2266,0
2267,0
2268,0
2269,0
2270,0
2271,0
2272,0
2273,0
2274,0
2275,0
2276,0
2277,0
2278,0
2279,0
2280,0
2281,0
2282,0
2283,0
2284,0
2285,0
2286,0
2287,0
2288,0
2289,0
2290,0
2291,0
2292,0
2293,0
2294,0
2295,0
2296,0
2297,0
2298,0
2299,0
2300,0
2301,0
2302,0
2303,0
2304,0
2305,0
2306,0
2307,0
2308,0
2309,0
2310,0
2311,0
2312,0
2313,0
2314,0
2315,0
2316,0
2317,0
2318,0
2319,0
2320,0
2321,0
2322,0
2323,0
2324,0
2325,0
2326,0
2327,0
2328,0
2329,0
2330,0
2331,0
2332,0
2333,0
2334,0
2335,0
2336,0
2337,0
2338,0
2339,0
2340,0
2341,0
2342,0
2343,0
2344,0
2345,0
2346,0
2347,0
2348,0
2349,0
2350,0
2351,0
2352,0
2353,0
2354,0
2355,0
2356,0
2357,0
2358,0
2359,0
2360,0
2361,0
2362,0
2363,0
2364,0
2365,0
2366,0
2367,0
2368,0
2369,0
2370,0
2371,0
2372,0
2373,0
2374,0
2375,0
2376,0
2377,0
2378,0
2379,0
2380,0
2381,0
2382,0
2383,0
2384,0
2385,0
2386,0
2387,0
2388,0
2389,0
2390,1
2391,1
2392,1
2393,2
2394,3
2395,3
2396,3
2397,3
2398,3
2399,3
2400,3
2401,4
2402,4
2403,4
2404,4
2405,4
2406,4
2407,4
2408,4
2409,4
2410,4
2411,4
2412,4
2413,4
2414,4
2415,4
2416,4
2417,4
2418,4
2419,4
2420,4
2421,4
2422,4
2423,4
2424,4
2425,4
2426,4
2427,4
2428,4
2429,4
2430,4
2431,4
2432,3
2433,3
2434,3
2435,3
2436,3
2437,3
2438,3
2439,3
2440,3
2441,3
2442,3
2443,3
2444,3
2445,3
2446,3
2447,3
2448,3
2449,3
2450,3
2451,3
2452,3
2453,3
2454,3
2455,3
2456,3
2457,3
2458,3
2459,3
2460,3
2461,3
2462,3
2463,3
2464,3
2465,3
2466,3
2467,3
2468,3
2469,3
2470,3
2471,3
2472,3
2473,3
2474,3
2475,3
2476,3
2477,3
2478,3
2479,3
2480,3
2481,3
2482,3
2483,3
2484,3
2485,3
2486,3
2487,3
2488,3
2489,2
2490,2
2491,1
2492,1
2493,1
2494,1
2495,1
2496,1
2497,0
2498,0
2499,0
2500,0
2501,0
2502,0
2503,1
2504,1
2505,2
2506,2
2507,3
2508,3
2509,3
2510,3
2511,3
2512,3
2513,3
2514,3
2515,3
2516,2
2517,2
2518,1
2519,1
2520,0
2521,0
2522,0
2523,0
2524,0
2525,0
2526,0
2527,0
2528,0
2529,0
2530,0
2531,0
2532,0
2533,0
2534,0
2535,0
2536,0
2537,0
2538,0
2539,0
2540,0
2541,0
2542,0
2543,0
2544,0
2545,0
2546,0
2547,0
2548,0
2549,0
2550,0
2551,0
2552,0
2553,0
2554,0
2555,0
2556,0
2557,0
2558,0
2559,0
2560,0
2561,0
2562,0
2563,0
2564,0
2565,0
2566,0
2567,0
2568,0
2569,0
2570,0
2571,0
2572,0
2573,0
2574,0
2575,0
2576,0
2577,0
2578,0
2579,0
2580,0
2581,0
2582,0
2583,0
2584,0
2585,0
2586,0
2587,0
2588,0
2589,0
2590,0
2591,0
2592,0
2593,0
2594,0
2595,0
2596,0
2597,0
2598,0
2599,0
2600,0
2601,0
2602,0
2603,0
2604,0
2605,0
2606,0
2607,0
2608,0
2609,0
2610,0
2611,0
2612,0
2613,0
2614,0
2615,0
2616,0
2617,0
2618,0
2619,0
2620,0
2621,0
2622,0
2623,0
2624,0
2625,0
2626,0
2627,0
2628,0
2629,0
2630,0
2631,0
2632,0
2633,0
2634,0
2635,0
2636,0
2637,0
2638,0
2639,0
2640,0
2641,0
2642,0
2643,0
2644,0
2645,0
2646,0
2647,0
2648,0
2649,0
2650,0
2651,0
2652,0
2653,0
2654,0
2655,0
2656,0
2657,0
2658,0
2659,0
2660,0
2661,0
2662,0
2663,0
2664,0
2665,0
2666,0
2667,0
2668,0
2669,0
2670,0
2671,0
2672,0
2673,0
2674,0
2675,0
2676,0
2677,1
2678,2
2679,3
2680,3
2681,3
2682,3
2683,3
2684,3
2685,3
2686,3
2687,3
2688,3
2689,3
2690,3
2691,3
2692,3
2693,3
2694,3
2695,3
2696,3
2697,3
2698,3
2699,3
2700,3
2701,3
2702,3
2703,3
2704,3
2705,3
2706,3
2707,3
2708,3
2709,3
2710,3
2711,3
2712,3
2713,3
2714,3
2715,3
2716,3
2717,3
2718,3
2719,3
2720,3
2721,3
2722,3
2723,3
2724,3
2725,3
2726,3
2727,3
2728,3
2729,3
2730,3
2731,3
2732,3
2733,3
2734,3
2735,3
2736,3
2737,3
2738,3
2739,3
2740,3
2741,3
2742,3
2743,3
2744,3
2745,3
2746,3
2747,3
2748,3
2749,3
2750,3
2751,3
2752,3
2753,3
2754,3
2755,3
2756,3
2757,3
2758,3
2759,3
2760,3
2761,3
2762,3
2763,3
2764,3
2765,3
2766,3
2767,3
2768,3
2769,3
2770,3
2771,3
2772,3
2773,3
2774,3
2775,3
2776,3
2777,3
2778,3
2779,3
2780,3
2781,3
2782,3
2783,3
2784,3
2785,3
2786,3
2787,3
2788,3
2789,3
2790,3
2791,3
2792,3
2793,3
2794,3
2795,3
2796,3
2797,3
2798,3
2799,3
2800,3
2801,3
2802,3
2803,3
2804,3
2805,3
2806,3
2807,2
2808,2
2809,1
2810,1
2811,1
2812,0
2813,0
2814,0
2815,0
2816,0
2817,0
2818,0
2819,0
2820,0
2821,0
2822,0
2823,0
2824,0
2825,0
2826,0
2827,0
2828,0
2829,0
2830,0
2831,0
2832,0
2833,0
2834,0
2835,0
2836,0
2837,0
2838,0
2839,0
2840,0
2841,0
2842,0
2843,0
2844,0
2845,0
2846,0
2847,0
2848,0
2849,0
2850,0
2851,0
2852,0
2853,0
2854,0
2855,0
2856,0
2857,0
2858,0
2859,0
2860,0
2861,0
2862,0
2863,0
2864,0
2865,0
2866,0
2867,0
2868,0
2869,0
2870,0
2871,0
2872,0
2873,0
2874,0
2875,0
2876,0
2877,0
2878,0
2879,0
2880,0
2881,0
2882,0
2883,0
2884,0
2885,0
2886,0
2887,0
2888,0
2889,0
2890,0
2891,0
2892,0
2893,0
2894,0
2895,0
2896,0
2897,0
2898,0
2899,0
2900,0
2901,0
2902,0
2903,0
2904,0
2905,0
2906,0
2907,0
2908,0
2909,0
2910,0
2911,0
2912,0
2913,0
2914,0
2915,0
2916,0
2917,0
2918,0
2919,0
2920,0
2921,0
2922,0
2923,0
2924,0
2925,0
2926,0
2927,0
2928,0
2929,0
2930,0
2931,0
2932,0
2933,0
2934,0
2935,0
2936,0
2937,0
2938,0
2939,0
2940,0
2941,0
2942,0
2943,0
2944,0
2945,0
2946,0
2947,0
2948,0
2949,0
2950,0
2951,0
2952,0
2953,0
2954,0
2955,0
2956,0
2957,0
2958,0
2959,0
2960,0
2961,0
2962,0
2963,0
2964,0
2965,0
2966,0
2967,0
2968,0
2969,0
2970,0
2971,0
2972,0
2973,0
2974,0
2975,0
2976,0
2977,0
2978,0
2979,0
2980,0
2981,0
2982,0
2983,0
2984,0
2985,0
2986,0
2987,0
2988,0
2989,0
2990,0
2991,0
2992,0
2993,0
2994,0
2995,0
2996,0
2997,0
2998,0
2999,0
3000,0
3001,0
3002,0
3003,0
3004,0
3005,0
3006,0
3007,0
3008,0
3009,0
3010,0
3011,0
3012,0
3013,0
3014,0
3015,0
3016,0
3017,0
3018,0
3019,0
3020,0
3021,0
3022,0
3023,0
3024,0
3025,0
3026,0
3027,0
3028,0
3029,0
3030,0
3031,0
3032,0
3033,0
3034,0
3035,0
3036,0
3037,0
3038,0
3039,0
3040,0
3041,0
3042,0
3043,0
3044,0
3045,0
3046,0
3047,0
3048,0
3049,0
3050,0
3051,0
3052,0
3053,0
3054,0
3055,0
3056,0
3057,0
3058,0
3059,0
3060,0
3061,0
3062,0
3063,0
3064,0
3065,0
3066,0
3067,0
3068,0
3069,0
3070,0
3071,0
3072,0
3073,0
3074,0
3075,0
3076,0
3077,0
3078,0
3079,0
3080,0
3081,0
3082,0
3083,0
3084,0
3085,0
3086,0
3087,0
3088,0
3089,0
3090,0
3091,0
3092,0
3093,0
3094,0
3095,0
3096,0
3097,0
3098,0
3099,0
3100,0
3101,0
3102,0
3103,0
3104,0
3105,0
3106,0
3107,0
3108,0
3109,0
3110,0
3111,0
3112,0
3113,0
3114,0
3115,0
3116,0
3117,0
3118,0
3119,0
3120,0
3121,0
3122,0
3123,0
3124,0
3125,0
3126,0
3127,0
3128,0
3129,0
3130,0
3131,0
3132,0
3133,0
3134,0
3135,0
3136,0
3137,0
3138,0
3139,0
3140,0
3141,0
3142,0
3143,0
3144,0
3145,0
3146,0
3147,0
3148,0
3149,0
3150,0
3151,0
3152,0
3153,0
3154,0
3155,0
3156,0
3157,0
3158,0
3159,0
3160,0
3161,0
3162,0
3163,0
3164,0
3165,0
3166,0
3167,0
3168,0
3169,0
3170,0
3171,0
3172,0
3173,0
3174,0
3175,0
3176,0
3177,0
3178,0
3179,0
3180,0
3181,0
3182,0
3183,0
3184,0
3185,0
3186,0
3187,0
3188,0
3189,0
3190,0
3191,0
3192,0
3193,0
3194,0
3195,0
3196,0
3197,0
3198,0
3199,0
3200,0
3201,0
3202,0
3203,0
3204,0
3205,0
3206,0
3207,0
3208,0
3209,0
3210,0
3211,0
3212,0
3213,0
3214,0
3215,0
3216,0
3217,0
3218,0
3219,0
3220,0
3221,0
3222,0
3223,0
3224,0
3225,0
3226,0
3227,0
3228,0
3229,0
3230,0
3231,0
3232,0
3233,0
3234,0
3235,0
3236,0
3237,0
3238,0
3239,0
3240,0
3241,0
3242,0
3243,0
3244,0
3245,0
3246,0
3247,0
3248,0
3249,0
3250,0
3251,0
3252,0
3253,0
3254,0
3255,0
3256,0
3257,0
3258,0
3259,0
3260,0
3261,0
3262,0
3263,0
3264,0
3265,0
3266,0
3267,0
3268,0
3269,0
3270,0
3271,0
3272,0
3273,0
3274,0
3275,0
3276,0
3277,0
3278,0
3279,0
3280,0
3281,0
3282,0
3283,0
3284,0
3285,0
3286,0
3287,0
3288,0
3289,0
3290,0
3291,0
3292,0
3293,0
3294,0
3295,0
3296,0
3297,0
3298,0
3299,0
3300,0
3301,0
3302,0
3303,0
3304,0
3305,0
3306,0
3307,0
3308,0
3309,0
3310,0
3311,0
3312,0
3313,0
3314,0
3315,0
3316,0
3317,0
3318,0
3319,0
3320,0
3321,0
3322,0
3323,0
3324,0
3325,0
3326,0
3327,0
3328,0
3329,0
3330,0
3331,0
3332,0
3333,0
3334,0
3335,0
3336,0
3337,0
3338,0
3339,0
3340,0
3341,0
3342,0
3343,0
3344,0
3345,0
3346,0
3347,0
3348,0
3349,0
3350,0
3351,0
3352,0
3353,0
3354,0
3355,0
3356,0
3357,0
3358,0
3359,0
3360,0
3361,0
3362,0
3363,0
3364,0
3365,0
3366,0
3367,0
3368,0
3369,0
3370,0
3371,0
3372,0
3373,0
3374,0
3375,0
3376,0
3377,0
3378,0
3379,0
3380,0
3381,0
3382,0
3383,0
3384,0
3385,0
3386,0
3387,0
3388,0
3389,0
3390,0
3391,0
3392,0
3393,0
3394,0
3395,0
3396,0
3397,0
3398,0
3399,0
3400,0
3401,0
3402,0
3403,0
3404,0
3405,0
3406,0
3407,0
3408,0
3409,0
3410,0
3411,0
3412,0
3413,0
3414,0
3415,0
3416,0
3417,0
3418,0
3419,0
3420,0
3421,0
3422,0
3423,0
3424,0
3425,0
3426,0
3427,0
3428,0
3429,0
3430,0
3431,0
3432,0
3433,0
3434,0
3435,0
3436,0
3437,0
3438,0
3439,0
3440,0
3441,0
3442,0
3443,0
3444,0
3445,0
3446,0
3447,0
3448,0
3449,0
3450,0
3451,0
3452,0
3453,0
3454,0
3455,0
3456,0
3457,0
3458,0
3459,0
3460,0
3461,0
3462,0
3463,0
3464,0
3465,0
3466,0
3467,0
3468,0
3469,0
3470,0
3471,0
3472,0
3473,0
3474,0
3475,0
3476,0
3477,0
3478,0
3479,0
3480,0
3481,0
3482,0
3483,0
3484,0
3485,0
3486,0
3487,0
3488,0
3489,0
3490,0
3491,0
3492,0
3493,0
3494,0
3495,0
3496,0
3497,0
3498,0
3499,0
3500,0
3501,0
3502,0
3503,0
3504,0
3505,0
3506,0
3507,0
3508,0
3509,0
3510,0
3511,0
3512,0
3513,0
3514,0
3515,0
3516,0
3517,0
3518,0
3519,0
3520,0
3521,0
3522,0
3523,0
3524,0
3525,0
3526,0
3527,0
3528,0
3529,0
3530,0
3531,0
3532,0
3533,0
3534,0
3535,0
3536,0
3537,0
3538,0
3539,0
3540,0
3541,0
3542,0
3543,0
3544,0
3545,0
3546,0
3547,0
3548,0
3549,0
3550,0
3551,0
3552,0
3553,0
3554,0
3555,0
3556,0
3557,0
3558,0
3559,0
3560,0
3561,0
3562,0
3563,0
3564,0
3565,0
3566,0
3567,0
3568,0
3569,0
3570,0
3571,0
3572,0
3573,0
3574,0
3575,0
3576,0
3577,0
3578,0
3579,0
3580,0
3581,0
3582,0
3583,0
3584,0
3585,0
3586,0
3587,0
3588,0
3589,0
3590,0
3591,0
3592,0
3593,0
3594,0
3595,0
3596,0
3597,0
3598,0
3599,0
3600,0
3601,0
3602,0
3603,0
3604,0
3605,0
3606,0
3607,0
3608,0
3609,0
3610,0
3611,0
3612,0
3613,0
3614,0
3615,0
3616,0
3617,0
3618,0
3619,0
3620,0
3621,0
3622,0
3623,0
3624,0
3625,0
3626,0
3627,0
3628,0
3629,0
3630,0
3631,0
3632,0
3633,0
3634,0
3635,0
3636,0
3637,0
3638,0
3639,0
3640,0
3641,0
3642,0
3643,0
3644,0
3645,0
3646,0
3647,0
3648,0
3649,0
3650,0
3651,0
3652,0
3653,0
3654,0
3655,0
3656,0
3657,0
3658,0
3659,0
3660,0
3661,0
3662,0
3663,0
3664,0
3665,0
3666,0
3667,0
3668,0
3669,0
3670,0
3671,0
3672,0
3673,0
3674,0
3675,0
3676,0
3677,0
3678,0
3679,0
3680,0
3681,0
3682,0
3683,0
3684,0
3685,0
3686,0
3687,0
3688,0
3689,0
3690,0
3691,0
3692,0
3693,0
3694,0
3695,0
3696,0
3697,0
3698,0
3699,0
3700,0
3701,0
3702,0
3703,0
3704,0
3705,0
3706,0
3707,0
3708,0
3709,0
3710,0
3711,0
3712,0
3713,0
3714,0
3715,0
3716,0
3717,0
3718,0
3719,0
3720,0
3721,0
3722,0
3723,0
3724,0
3725,0
3726,0
3727,0
3728,0
3729,0
3730,0
3731,0
3732,0
3733,0
3734,0
3735,0
3736,0
3737,0
3738,0
3739,0
3740,0
3741,0
3742,0
3743,0
3744,0
3745,0
3746,0
3747,0
3748,0
3749,0
3750,0
3751,0
3752,0
3753,0
3754,0
3755,0
3756,0
3757,0
3758,0
3759,0
3760,0
3761,0
3762,0
3763,0
3764,0
3765,0
3766,0
3767,0
3768,0
3769,0
3770,0
3771,0
3772,0
3773,0
3774,0
3775,0
3776,0
3777,0
3778,0
3779,0
3780,0
3781,0
3782,0
3783,0
3784,0
3785,0
3786,0
3787,0
3788,0
3789,0
3790,0
3791,0
3792,0
3793,0
3794,0
3795,0
3796,0
3797,0
3798,0
3799,0
3800,0
3801,0
3802,0
3803,0
3804,0
3805,0
3806,0
3807,0
3808,0
3809,0
3810,0
3811,0
3812,0
3813,0
3814,0
3815,0
3816,0
3817,0
3818,0
3819,0
3820,0
3821,0
3822,0
3823,0
3824,0
3825,0
3826,0
3827,0
3828,0
3829,0
3830,0
3831,0
3832,0
3833,0
3834,0
3835,0
3836,0
3837,0
3838,0
3839,0
3840,0
3841,0
3842,0
3843,0
3844,0
3845,0
3846,0
3847,0
3848,0
3849,0
3850,0
3851,0
3852,0
3853,0
3854,0
3855,0
3856,0
3857,0
3858,0
3859,0
3860,0
3861,0
3862,0
3863,0
3864,0
3865,0
3866,0
3867,0
3868,0
3869,0
3870,0
3871,0
3872,0
3873,0
3874,0
3875,0
3876,0
3877,0
3878,0
3879,0
3880,0
3881,0
3882,0
3883,0
3884,0
3885,0
3886,0
3887,0
3888,0
3889,0
3890,0
3891,0
3892,0
3893,0
3894,0
3895,0
3896,0
3897,0
3898,0
3899,0
3900,0
3901,0
3902,0
3903,0
3904,0
3905,0
3906,0
3907,0
3908,0
3909,0
3910,0
3911,0
3912,0
3913,0
3914,0
3915,0
3916,0
3917,0
3918,0
3919,0
3920,0
3921,0
3922,0
3923,0
3924,0
3925,0
3926,0
3927,0
3928,0
3929,0
3930,0
3931,0
3932,0
3933,0
3934,0
3935,0
3936,0
3937,0
3938,0
3939,0
3940,0
3941,0
3942,0
3943,0
3944,0
3945,0
3946,0
3947,0
3948,0
3949,0
3950,0
3951,0
3952,0
3953,0
3954,0
3955,0
3956,0
3957,0
3958,0
3959,0
3960,0
3961,0
3962,0
3963,0
3964,0
3965,0
3966,0
3967,0
3968,0
3969,0
3970,0
3971,0
3972,0
3973,0
3974,0
3975,0
3976,0
3977,0
3978,0
3979,0
3980,0
3981,0
3982,0
3983,0
3984,0
3985,0
3986,0
3987,0
3988,0
3989,0
3990,0
3991,0
3992,0
3993,0
3994,0
3995,0
3996,0
3997,0
3998,0
3999,0
4000,0
4001,0
4002,0
4003,0
4004,0
4005,0
4006,0
4007,0
4008,0
4009,0
4010,0
4011,0
4012,0
4013,0
4014,0
4015,0
4016,0
4017,0
4018,0
4019,0
4020,0
4021,0
4022,0
4023,0
4024,0
4025,0
4026,0
4027,0
4028,0
4029,0
4030,0
4031,0
4032,0
4033,0
4034,0
4035,0
4036,0
4037,0
4038,0
4039,0
4040,0
4041,0
4042,0
4043,0
4044,0
4045,0
4046,0
4047,0
4048,0
4049,0
4050,0
4051,0
4052,0
4053,0
4054,0
4055,0
4056,0
4057,0
4058,0
4059,0
4060,0
4061,0
4062,0
4063,0
4064,0
4065,0
4066,0
4067,0
4068,0
4069,0
4070,0
4071,0
4072,0
4073,0
4074,0
4075,0
4076,0
4077,0
4078,0
4079,0
4080,0
4081,0
4082,0
4083,0
4084,0
4085,0
4086,0
4087,0
4088,0
4089,0
4090,0
4091,0
4092,0
4093,0
4094,0
4095,0
4096,0
4097,0
4098,0
4099,0
4100,0
4101,0
4102,0
4103,0
4104,0
4105,0
4106,0
4107,0
4108,0
4109,0
4110,0
4111,0
4112,0
4113,0
4114,0
4115,0
4116,0
4117,0
4118,0
4119,0
4120,0
4121,0
4122,0
4123,0
4124,0
4125,2
4126,3
4127,3
4128,3
4129,3
4130,3
4131,3
4132,3
4133,3
4134,3
4135,3
4136,3
4137,3
4138,3
4139,3
4140,3
4141,3
4142,3
4143,3
4144,3
4145,3
4146,3
4147,3
4148,3
4149,3
4150,3
4151,3
4152,3
4153,3
4154,3
4155,3
4156,3
4157,3
4158,3
4159,3
4160,3
4161,3
4162,3
4163,3
4164,3
4165,3
4166,3
4167,3
4168,3
4169,3
4170,3
4171,3
4172,3
4173,3
4174,3
4175,3
4176,3
4177,3
4178,3
4179,3
4180,3
4181,3
4182,3
4183,3
4184,3
4185,3
4186,3
4187,3
4188,3
4189,3
4190,3
4191,3
4192,3
4193,3
4194,3
4195,3
4196,3
4197,3
4198,3
4199,3
4200,3
4201,3
4202,3
4203,3
4204,3
4205,3
4206,3
4207,3
4208,3
4209,3
4210,3
4211,3
4212,3
4213,3
4214,3
4215,3
4216,3
4217,3
4218,3
4219,3
4220,3
4221,3
4222,3
4223,3
4224,3
4225,3
4226,3
4227,3
4228,3
4229,3
4230,3
4231,3
4232,3
4233,3
4234,3
4235,3
4236,3
4237,3
4238,3
4239,3
4240,3
4241,3
4242,3
4243,3
4244,3
4245,3
4246,3
4247,3
4248,3
4249,3
4250,3
4251,3
4252,3
4253,3
4254,3
4255,3
4256,3
4257,3
4258,3
4259,3
4260,3
4261,3
4262,3
4263,3
4264,3
4265,3
4266,3
4267,3
4268,3
4269,3
4270,3
4271,3
4272,3
4273,3
4274,3
4275,3
4276,3
4277,3
4278,3
4279,3
4280,3
4281,3
4282,3
4283,3
4284,3
4285,3
4286,3
4287,3
4288,3
4289,3
4290,3
4291,3
4292,3
4293,3
4294,3
4295,3
4296,3
4297,3
4298,3
4299,3
4300,3
4301,3
4302,3
4303,3
4304,3
4305,3
4306,3
4307,3
4308,3
4309,3
4310,3
4311,3
4312,3
4313,3
4314,3
4315,3
4316,3
4317,3
4318,3
4319,3
4320,3
4321,3
4322,3
4323,3
4324,3
4325,3
4326,3
4327,3
4328,3
4329,3
4330,3
4331,3
4332,3
4333,3
4334,3
4335,3
4336,3
4337,3
4338,3
4339,3
4340,3
4341,3
4342,3
4343,3
4344,3
4345,3
4346,3
4347,3
4348,3
4349,3
4350,3
4351,3
4352,3
4353,3
4354,3
4355,3
4356,3
4357,3
4358,3
4359,3
4360,3
4361,3
4362,3
4363,3
4364,3
4365,3
4366,3
4367,3
4368,3
4369,3
4370,3
4371,3
4372,3
4373,3
4374,3
4375,3
4376,3
4377,3
4378,3
4379,3
4380,3
4381,3
4382,3
4383,3
4384,3
4385,3
4386,3
4387,3
4388,3
4389,3
4390,3
4391,3
4392,3
4393,3
4394,3
4395,3
4396,3
4397,3
4398,3
4399,3
4400,3
4401,3
4402,3
4403,3
4404,3
4405,3
4406,3
4407,3
4408,3
4409,3
4410,3
4411,3
4412,3
4413,3
4414,3
4415,3
4416,3
4417,3
4418,3
4419,3
4420,3
4421,3
4422,3
4423,3
4424,3
4425,3
4426,3
4427,3
4428,3
4429,3
4430,3
4431,3
4432,3
4433,3
4434,3
4435,3
4436,3
4437,3
4438,3
4439,3
4440,3
4441,3
4442,3
4443,3
4444,3
4445,3
4446,3
4447,3
4448,3
4449,3
4450,3
4451,3
4452,3
4453,3
4454,3
4455,3
4456,3
4457,3
4458,3
4459,3
4460,3
4461,3
4462,3
4463,3
4464,3
4465,3
4466,3
4467,3
4468,3
4469,3
4470,3
4471,3
4472,3
4473,3
4474,3
4475,3
4476,3
4477,3
4478,3
4479,3
4480,3
4481,3
4482,3
4483,3
4484,3
4485,3
4486,3
4487,3
4488,3
4489,3
4490,3
4491,3
4492,3
4493,3
4494,3
4495,3
4496,3
4497,3
4498,3
4499,3
4500,3
4501,3
4502,3
4503,3
4504,3
4505,3
4506,3
4507,3
4508,3
4509,3
4510,3
4511,3
4512,3
4513,3
4514,3
4515,3
4516,3
4517,3
4518,3
4519,3
4520,3
4521,3
4522,3
4523,3
4524,3
4525,3
4526,3
4527,3
4528,3
4529,3
4530,3
4531,3
4532,3
4533,3
4534,4
4535,4
4536,4
4537,4
4538,5
4539,5
4540,5
4541,5
4542,5
4543,5
4544,5
4545,4
4546,4
4547,4
4548,4
4549,4
4550,4
4551,4
4552,4
4553,3
4554,3
4555,3
4556,3
4557,3
4558,3
4559,3
4560,3
4561,3
4562,3
4563,3
4564,3
4565,3
4566,3
4567,3
4568,3
4569,3
4570,3
4571,3
4572,3
4573,3
4574,3
4575,3
4576,3
4577,3
4578,3
4579,3
4580,3
4581,3
4582,3
4583,3
4584,3
4585,3
4586,3
4587,3
4588,3
4589,3
4590,3
4591,3
4592,3
4593,3
4594,3
4595,3
4596,3
4597,3
4598,3
4599,3
4600,3
4601,3
4602,3
4603,3
4604,3
4605,3
4606,3
4607,3
4608,3
4609,3
4610,3
4611,3
4612,3
4613,3
4614,3
4615,3
4616,3
4617,3
4618,3
4619,3
4620,3
4621,3
4622,3
4623,3
4624,3
4625,3
4626,3
4627,3
4628,3
4629,3
4630,3
4631,3
4632,3
4633,3
4634,3
4635,4
4636,4
4637,4
4638,4
4639,4
4640,4
4641,4
4642,4
4643,4
4644,4
4645,4
4646,4
4647,4
4648,4
4649,3
4650,3
4651,3
4652,3
4653,3
4654,3
4655,3
4656,3
4657,3
4658,3
4659,3
4660,3
4661,3
4662,3
4663,3
4664,3
4665,3
4666,3
4667,3
4668,3
4669,3
4670,3
4671,3
4672,3
4673,3
4674,3
4675,3
4676,3
4677,3
4678,3
4679,3
4680,3
4681,3
4682,4
4683,4
4684,4
4685,4
4686,4
4687,5
4688,5
4689,5
4690,5
4691,5
4692,5
4693,5
4694,5
4695,5
4696,5
4697,5
4698,5
4699,5
4700,5
4701,5
4702,5
4703,5
4704,5
4705,5
4706,5
4707,5
4708,5
4709,5
4710,5
4711,5
4712,5
4713,5
4714,5
4715,5
4716,5
4717,5
4718,5
4719,5
4720,5
4721,5
4722,5
4723,5
4724,5
4725,5
4726,5
4727,5
4728,5
4729,5
4730,5
4731,5
4732,5
4733,5
4734,5
4735,5
4736,5
4737,5
4738,5
4739,5
4740,5
4741,5
4742,5
4743,5
4744,5
4745,5
4746,5
4747,5
4748,5
4749,5
4750,5
4751,5
4752,5
4753,5
4754,5
4755,5
4756,5
4757,5
4758,5
4759,5
4760,5
4761,5
4762,5
4763,5
4764,5
4765,5
4766,5
4767,5
4768,5
4769,5
4770,5
4771,5
4772,5
4773,5
4774,5
4775,5
4776,5
4777,5
4778,5
4779,5
4780,5
4781,5
4782,5
4783,5
4784,5
4785,5
4786,5
4787,5
4788,5
4789,5
4790,5
4791,5
4792,5
4793,5
4794,4
4795,4
4796,4
4797,4
4798,4
4799,4
4800,4
4801,4
4802,4
4803,4
4804,4
4805,4
4806,4
4807,4
4808,4
4809,4
4810,4
4811,4
4812,4
4813,4
4814,4
4815,4
4816,4
4817,4
4818,4
4819,4
4820,4
4821,4
4822,4
4823,4
4824,4
4825,4
4826,4
4827,4
4828,4
4829,4
4830,4
4831,4
4832,4
4833,4
4834,4
4835,4
4836,4
4837,4
4838,4
4839,4
4840,4
4841,4
4842,4
4843,4
4844,4
4845,4
