1,0
2,0
3,0
4,0
5,0
6,0
7,0
8,0
9,0
10,0
11,0
12,0
13,0
14,0
15,0
16,0
17,0
18,0
19,0
20,0
21,0
22,0
23,0
24,0
25,0
26,0
27,0
28,0
29,0
30,0
31,0
32,0
33,0
34,0
35,0
36,0
37,0
38,0
39,0
40,0
41,0
42,0
43,0
44,0
45,0
46,0
47,0
48,0
49,0
50,0
51,0
52,0
53,0
54,0
55,0
56,0
57,0
58,0
59,0
60,0
61,0
62,0
63,0
64,0
65,0
66,0
67,0
68,0
69,0
70,0
71,0
72,0
73,0
74,0
75,0
76,0
77,0
78,0
79,0
80,0
81,0
82,0
83,0
84,0
85,0
86,0
87,0
88,0
89,0
90,0
91,0
92,0
93,0
94,0
95,0
96,0
97,0
98,0
99,0
100,0
101,0
102,0
103,0
104,0
105,0
106,0
107,0
108,0
109,0
110,0
111,0
112,0
113,0
114,0
115,0
116,0
117,0
118,0
119,0
120,0
121,0
122,0
123,0
124,0
125,0
126,0
127,0
128,0
129,0
130,0
131,0
132,1
133,1
134,1
135,2
136,2
137,2
138,2
139,3
140,3
141,3
142,3
143,3
144,3
145,3
146,3
147,3
148,3
149,3
150,3
151,3
152,3
153,3
154,3
155,4
156,4
157,4
158,4
159,4
160,4
161,4
162,4
163,4
164,4
165,4
166,4
167,4
168,4
169,4
170,4
171,4
172,4
173,4
174,4
175,4
176,4
177,4
178,4
179,4
180,4
181,4
182,4
183,4
184,4
185,4
186,4
187,4
188,4
189,4
190,4
191,4
192,4
193,4
194,4
195,3
196,3
197,3
198,3
199,3
200,3
201,3
202,3
203,3
204,3
205,3
206,3
207,3
208,3
209,3
210,3
211,3
212,3
213,3
214,3
215,3
216,3
217,3
218,3
219,3
220,3
221,3
222,3
223,3
224,2
225,2
226,2
227,2
228,2
229,1
230,1
231,1
232,1
233,1
234,1
235,1
236,1
237,1
238,1
239,1
240,1
241,1
242,1
243,1
244,1
245,1
246,1
247,1
248,1
249,1
250,1
251,1
252,1
253,1
254,1
255,1
256,1
257,1
258,1
259,1
260,1
261,1
262,1
263,1
264,1
265,1
266,1
267,1
268,1
269,1
270,1
271,1
272,1
273,1
274,1
275,1
276,1
277,1
278,1
279,1
280,1
281,1
282,1
283,1
284,1
285,1
286,1
287,1
288,1
289,1
290,1
291,1
292,1
293,1
294,1
295,1
296,1
297,1
298,1
299,1
300,1
301,1
302,1
303,1
304,1
305,1
306,1
307,1
308,1
309,1
310,1
311,1
312,1
313,1
314,1
315,1
316,1
317,1
318,1
319,1
320,1
321,1
322,1
323,1
324,1
325,1
326,1
327,1
328,1
329,1
330,1
331,1
332,1
333,1
334,1
335,1
336,1
337,1
338,1
339,1
340,1
341,1
342,1
343,1
344,1
345,1
346,1
347,1
348,1
349,1
350,1
351,1
352,1
353,1
354,1
355,1
356,1
357,1
358,1
359,1
360,1
361,1
362,1
363,1
364,1
365,1
366,1
367,1
368,1
369,1
370,1
371,1
372,1
373,1
374,1
375,1
376,1
377,1
378,1
379,1
380,1
381,1
382,1
383,1
384,1
385,1
386,1
387,1
388,1
389,1
390,1
391,1
392,1
393,1
394,1
395,1
396,1
397,1
398,1
399,1
400,1
401,0
402,0
403,0
404,0
405,0
406,0
407,0
408,0
409,0
410,0
411,0
412,0
413,0
414,0
415,0
416,0
417,0
418,0
419,0
420,0
421,0
422,0
423,0
424,0
425,0
426,0
427,0
428,0
429,0
430,0
431,0
432,0
433,0
434,0
435,0
436,0
437,0
438,0
439,0
440,0
441,0
442,0
443,0
444,0
445,0
446,0
447,0
448,0
449,0
450,0
451,0
452,0
453,0
454,0
455,0
456,0
457,0
458,0
459,0
460,0
461,0
462,0
463,0
464,0
465,0
466,0
467,0
468,0
469,0
470,0
471,0
472,0
473,0
474,0
475,0
476,0
477,0
478,0
479,0
480,0
481,0
482,0
483,0
484,0
485,0
486,0
487,0
488,0
489,0
490,0
491,0
492,0
493,0
494,0
495,0
496,0
497,0
498,0
499,0
500,0
501,0
502,0
503,0
504,0
505,0
506,0
507,0
508,0
509,0
510,0
511,0
512,0
513,0
514,0
515,0
516,0
517,0
518,0
519,0
520,0
521,0
522,0
523,0
524,0
525,0
526,0
527,0
528,0
529,0
530,0
531,0
532,0
533,0
534,0
535,0
536,0
537,0
538,0
539,0
540,0
541,0
542,0
543,0
544,0
545,0
546,0
547,0
548,0
549,0
550,0
551,0
552,0
553,0
554,0
555,0
556,0
557,0
558,0
559,0
560,0
561,0
562,0
563,0
564,0
565,0
566,0
567,0
568,0
569,0
570,0
571,0
572,0
573,0
574,0
575,0
576,0
577,0
578,0
579,0
580,0
581,0
582,0
583,0
584,0
585,0
586,0
587,0
588,0
589,0
590,0
591,0
592,0
593,0
594,0
595,0
596,0
597,0
598,0
599,0
600,0
601,0
602,0
603,0
604,0
605,0
606,0
607,0
608,0
609,0
610,0
611,0
612,0
613,0
614,0
615,0
616,0
617,0
618,0
619,0
620,0
621,0
622,0
623,0
624,0
625,0
626,0
627,0
628,0
629,0
630,0
631,0
632,0
633,0
634,0
635,0
636,0
637,0
638,0
639,0
640,0
641,0
642,0
643,0
644,0
645,0
646,0
647,0
648,0
649,0
650,0
651,0
652,0
653,0
654,0
655,0
656,0
657,0
658,0
659,0
660,0
661,0
662,0
663,0
664,0
665,0
666,0
667,0
668,0
669,0
670,0
671,0
672,0
673,0
674,0
675,0
676,0
677,0
678,0
679,0
680,0
681,0
682,0
683,0
684,0
685,0
686,0
687,0
688,0
689,0
690,0
691,0
692,0
693,0
694,0
695,0
696,0
697,0
698,0
699,0
700,0
701,0
702,0
703,0
704,0
705,0
706,0
707,0
708,0
709,0
710,0
711,0
712,0
713,0
714,0
715,0
716,0
717,0
718,0
719,0
720,0
721,0
722,0
723,0
724,0
725,0
726,0
727,0
728,0
729,0
730,0
731,0
732,0
733,0
734,0
735,0
736,1
737,1
738,1
739,1
740,2
741,2
742,2
743,2
744,2
745,2
746,2
747,2
748,2
749,2
750,2
751,2
752,2
753,3
754,3
755,3
756,3
757,3
758,3
759,3
760,3
761,3
762,3
763,3
764,3
765,3
766,3
767,3
768,3
769,3
770,3
771,3
772,3
773,3
774,3
775,3
776,3
777,3
778,3
779,3
780,3
781,3
782,3
783,3
784,3
785,3
786,3
787,3
788,3
789,3
790,3
791,3
792,3
793,3
794,3
795,3
796,3
797,3
798,3
799,3
800,3
801,3
802,3
803,2
804,2
805,2
806,2
807,2
808,2
809,2
810,2
811,2
812,2
813,2
814,2
815,2
816,2
817,2
818,2
819,2
820,2
821,2
822,2
823,2
824,2
825,2
826,2
827,2
828,2
829,2
830,2
831,2
832,2
833,2
834,2
835,2
836,2
837,2
838,2
839,2
840,2
841,1
842,1
843,1
844,1
845,1
846,1
847,1
848,1
849,1
850,1
851,1
852,1
853,1
854,1
855,1
856,1
857,1
858,1
859,1
860,1
861,1
862,1
863,1
864,1
865,1
866,1
867,1
868,1
869,1
870,1
871,1
872,1
873,1
874,1
875,1
876,1
877,1
878,1
879,1
880,1
881,1
882,1
883,1
884,1
885,1
886,1
887,1
888,1
889,1
890,1
891,1
892,1
893,1
894,1
895,1
896,1
897,1
898,1
899,1
900,1
901,1
902,1
903,1
904,1
905,1
906,1
907,1
908,1
909,1
910,1
911,1
912,1
913,1
914,1
915,1
916,1
917,1
918,1
919,1
920,1
921,1
922,1
923,1
924,1
925,1
926,1
927,1
928,1
929,1
930,1
931,1
932,1
933,1
934,1
935,1
936,1
937,2
938,2
939,3
940,3
941,3
942,3
943,3
944,3
945,3
946,3
947,4
948,4
949,4
950,4
951,4
952,4
953,4
954,4
955,4
956,4
957,4
958,4
959,4
960,4
961,4
962,4
963,4
964,4
965,4
966,4
967,4
968,4
969,4
970,4
971,4
972,4
973,4
974,4
975,4
976,4
977,4
978,4
979,4
980,4
981,4
982,4
983,4
984,4
985,4
986,4
987,4
988,4
989,4
990,4
991,4
992,4
993,4
994,4
995,4
996,4
997,4
998,4
999,4
1000,4
1001,4
1002,4
1003,4
1004,4
1005,4
1006,4
1007,4
1008,4
1009,4
1010,4
1011,4
1012,4
1013,4
1014,4
1015,4
1016,4
1017,4
1018,4
1019,4
1020,4
1021,4
1022,4
1023,4
1024,4
1025,4
1026,4
1027,4
1028,4
1029,4
1030,4
1031,4
1032,4
1033,4
1034,4
1035,4
1036,4
1037,4
1038,4
1039,4
1040,4
1041,4
1042,4
1043,4
1044,4
1045,4
1046,4
1047,4
1048,4
1049,4
1050,4
1051,4
1052,4
1053,4
1054,4
1055,4
1056,4
1057,4
1058,4
1059,4
1060,4
1061,4
1062,4
1063,4
1064,4
1065,4
1066,4
1067,4
1068,4
1069,4
1070,4
1071,4
1072,4
1073,4
1074,4
1075,4
1076,4
1077,4
1078,4
1079,4
1080,4
1081,4
1082,4
1083,4
1084,4
1085,4
1086,4
1087,4
1088,4
1089,4
1090,4
1091,4
1092,4
1093,4
1094,4
1095,4
1096,4
1097,4
1098,4
1099,4
1100,4
1101,4
1102,4
1103,4
1104,4
1105,4
1106,3
1107,3
1108,3
1109,3
1110,3
1111,3
1112,2
1113,2
1114,2
1115,2
1116,2
1117,2
1118,2
1119,2
1120,2
1121,2
1122,2
1123,2
1124,2
1125,2
1126,2
1127,2
1128,2
1129,2
1130,3
1131,3
1132,3
1133,3
1134,3
1135,3
1136,3
1137,3
1138,3
1139,3
1140,3
1141,3
1142,3
1143,3
1144,3
1145,3
1146,3
1147,3
1148,3
1149,3
1150,3
1151,3
1152,3
1153,3
1154,3
1155,3
1156,3
1157,3
1158,3
1159,3
1160,3
1161,3
1162,4
1163,4
1164,4
1165,4
1166,4
1167,4
1168,4
1169,4
1170,4
1171,4
1172,4
1173,4
1174,4
1175,4
1176,4
1177,4
1178,4
1179,4
1180,4
1181,4
1182,4
1183,4
1184,4
1185,4
1186,4
1187,4
1188,4
1189,4
1190,4
1191,4
1192,4
1193,3
1194,3
1195,3
1196,3
1197,3
1198,3
1199,2
1200,2
1201,2
1202,2
1203,2
1204,2
1205,1
1206,1
1207,1
1208,1
1209,1
1210,1
1211,1
1212,1
1213,1
1214,1
1215,1
1216,1
1217,1
1218,1
1219,1
1220,1
1221,1
1222,1
1223,1
1224,1
1225,1
1226,1
1227,1
1228,1
1229,1
1230,1
1231,1
1232,1
1233,1
1234,1
1235,1
1236,1
1237,1
1238,1
1239,1
1240,1
1241,1
1242,1
1243,1
1244,1
1245,1
1246,1
1247,1
1248,1
1249,1
1250,1
1251,1
1252,1
1253,1
1254,1
1255,1
1256,1
1257,1
1258,1
1259,1
1260,1
1261,1
1262,1
1263,1
1264,1
1265,1
1266,1
1267,1
1268,1
1269,1
1270,1
1271,1
1272,1
1273,1
1274,1
1275,1
1276,1
1277,1
1278,1
1279,1
1280,1
1281,1
1282,1
1283,1
1284,1
1285,1
1286,1
1287,1
1288,1
1289,1
1290,1
1291,1
1292,1
1293,1
1294,1
1295,1
1296,1
1297,1
1298,1
1299,1
1300,1
1301,1
1302,1
1303,1
1304,1
1305,1
1306,1
1307,1
1308,1
1309,1
1310,1
1311,1
1312,1
1313,1
1314,1
1315,1
1316,1
1317,1
1318,1
1319,1
1320,1
1321,1
1322,1
1323,1
1324,1
1325,1
1326,1
1327,1
1328,1
1329,1
1330,1
1331,1
1332,1
1333,1
1334,1
1335,1
1336,1
1337,1
1338,1
1339,1
1340,1
1341,1
1342,1
1343,1
1344,1
1345,1
1346,1
1347,1
1348,1
1349,1
1350,1
1351,1
1352,1
1353,1
1354,1
1355,1
1356,1
1357,1
1358,1
1359,1
1360,1
1361,1
1362,1
1363,1
1364,1
1365,1
1366,1
1367,1
1368,1
1369,1
1370,1
1371,1
1372,1
1373,1
1374,1
1375,1
1376,1
1377,1
1378,1
1379,1
1380,1
1381,1
1382,1
1383,1
1384,1
1385,1
1386,1
1387,1
1388,1
1389,1
1390,1
1391,1
1392,1
1393,1
1394,1
1395,1
1396,1
1397,1
1398,1
1399,1
1400,1
1401,1
1402,1
1403,1
1404,1
1405,1
1406,1
1407,1
1408,1
1409,1
1410,1
1411,1
1412,1
1413,1
1414,1
1415,1
1416,1
1417,1
1418,1
1419,1
1420,1
1421,1
1422,1
1423,1
1424,1
1425,1
1426,1
1427,1
1428,1
1429,1
1430,1
1431,1
1432,1
1433,1
1434,1
1435,1
1436,1
1437,1
1438,1
1439,1
1440,1
1441,1
1442,1
1443,1
1444,1
1445,1
1446,1
1447,1
1448,1
1449,1
1450,1
1451,1
1452,1
1453,1
1454,1
1455,1
1456,1
1457,1
1458,1
1459,1
1460,1
1461,1
1462,1
1463,1
1464,1
1465,1
1466,1
1467,1
1468,1
1469,1
1470,1
1471,1
1472,1
1473,1
1474,1
1475,1
1476,1
1477,1
1478,1
1479,1
1480,1
1481,1
1482,1
1483,1
1484,1
1485,1
1486,1
1487,1
1488,1
1489,1
1490,1
1491,1
1492,1
1493,1
1494,1
1495,1
1496,1
1497,1
1498,1
1499,1
1500,1
1501,1
1502,1
1503,1
1504,1
1505,1
1506,1
1507,1
1508,1
1509,1
1510,1
1511,1
1512,1
1513,1
1514,1
1515,1
1516,1
1517,1
1518,1
1519,1
1520,1
1521,1
1522,1
1523,1
1524,1
1525,1
1526,1
1527,1
1528,1
1529,1
1530,1
1531,1
1532,1
1533,1
1534,1
1535,1
1536,1
1537,1
1538,1
1539,1
1540,0
1541,0
1542,0
1543,0
1544,0
1545,0
1546,0
1547,0
1548,0
1549,0
1550,0
1551,0
1552,0
1553,0
1554,0
1555,0
1556,0
1557,0
1558,0
1559,0
1560,0
1561,0
1562,0
1563,0
1564,0
1565,0
1566,0
1567,0
1568,0
1569,0
1570,0
1571,0
1572,0
1573,0
1574,0
1575,0
1576,0
1577,0
1578,0
1579,0
1580,0
1581,0
1582,0
1583,0
1584,0
1585,0
1586,0
1587,0
1588,0
1589,0
1590,0
1591,0
1592,0
1593,0
1594,0
1595,0
1596,0
1597,0
1598,0
1599,0
1600,0
1601,0
1602,0
1603,0
1604,0
1605,0
1606,0
1607,0
1608,0
1609,0
1610,0
1611,0
1612,0
1613,0
1614,0
1615,0
1616,0
1617,0
1618,0
1619,0
1620,0
1621,0
1622,0
1623,0
1624,0
1625,0
1626,0
1627,0
1628,0
1629,0
1630,0
1631,0
1632,0
1633,0
1634,0
1635,0
1636,0
1637,0
1638,0
1639,0
1640,0
1641,0
1642,0
1643,0
1644,0
1645,0
1646,0
1647,0
1648,0
1649,0
1650,0
1651,0
1652,0
1653,0
1654,0
1655,0
1656,0
1657,0
1658,0
1659,0
1660,0
1661,0
1662,0
1663,0
1664,0
1665,0
1666,0
1667,0
1668,0
1669,0
1670,0
1671,0
1672,0
1673,1
1674,1
1675,1
1676,1
1677,1
1678,1
1679,1
1680,1
1681,1
1682,1
1683,1
1684,1
1685,1
1686,1
1687,1
1688,1
1689,1
1690,1
1691,1
1692,1
1693,1
1694,1
1695,1
1696,1
1697,1
1698,1
1699,1
1700,1
1701,1
1702,1
1703,1
1704,1
1705,2
1706,2
1707,2
1708,2
1709,2
1710,2
1711,1
1712,1
1713,1
1714,1
1715,1
1716,1
1717,1
1718,1
1719,1
1720,1
1721,1
1722,1
1723,1
1724,1
1725,1
1726,1
1727,1
1728,1
1729,1
1730,1
1731,1
1732,1
1733,1
1734,1
1735,1
1736,1
1737,1
1738,1
1739,1
1740,1
1741,1
1742,1
1743,1
1744,1
1745,1
1746,1
1747,1
1748,1
1749,1
1750,1
1751,1
1752,1
1753,1
1754,1
1755,1
1756,1
1757,1
1758,1
1759,1
1760,1
1761,1
1762,1
1763,1
1764,1
1765,1
1766,1
1767,1
1768,1
1769,1
1770,1
1771,1
1772,1
1773,1
1774,1
1775,1
1776,1
1777,1
1778,1
1779,1
1780,1
1781,1
1782,1
1783,1
1784,1
1785,1
1786,1
1787,1
1788,1
1789,1
1790,1
1791,1
1792,1
1793,1
1794,1
1795,1
1796,1
1797,1
1798,1
1799,1
1800,1
1801,1
1802,1
1803,1
1804,1
1805,1
1806,1
1807,1
1808,1
1809,1
1810,1
1811,1
1812,1
1813,1
1814,1
1815,1
1816,1
1817,1
1818,1
1819,1
1820,1
1821,1
1822,1
1823,1
1824,1
1825,1
1826,1
1827,1
1828,1
1829,1
1830,1
1831,0
1832,0
1833,0
1834,0
1835,0
1836,0
1837,0
1838,0
1839,0
1840,0
1841,0
1842,0
1843,0
1844,0
1845,0
1846,0
1847,0
1848,0
1849,0
1850,0
1851,0
1852,0
1853,0
1854,0
1855,0
1856,0
1857,0
1858,0
1859,0
1860,0
1861,0
1862,1
1863,1
1864,1
1865,1
1866,1
1867,1
1868,1
1869,1
1870,1
1871,1
1872,1
1873,1
1874,1
1875,1
1876,1
1877,1
1878,1
1879,1
1880,1
1881,1
1882,1
1883,1
1884,1
1885,1
1886,1
1887,1
1888,1
1889,1
1890,1
1891,1
1892,1
1893,1
1894,1
1895,1
1896,1
1897,1
1898,1
1899,1
1900,1
1901,1
1902,1
1903,1
1904,1
1905,1
1906,1
1907,1
1908,1
1909,1
1910,1
1911,1
1912,1
1913,1
1914,1
1915,1
1916,1
1917,1
1918,1
1919,1
1920,1
1921,1
1922,1
1923,1
1924,1
1925,1
1926,1
1927,1
1928,1
1929,1
1930,1
1931,1
1932,1
1933,1
1934,1
1935,0
1936,0
1937,0
1938,0
1939,0
1940,0
1941,0
1942,0
1943,0
1944,0
1945,0
1946,0
1947,0
1948,0
1949,0
1950,0
1951,0
1952,0
1953,0
1954,0
1955,0
1956,0
1957,0
1958,0
1959,0
1960,0
1961,0
1962,0
1963,0
1964,0
1965,0
1966,0
1967,0
1968,0
1969,0
1970,0
1971,0
1972,0
1973,0
1974,0
1975,0
1976,0
1977,0
1978,0
1979,0
1980,0
1981,0
1982,0
1983,0
1984,0
1985,0
1986,0
1987,0
1988,0
1989,0
1990,0
1991,0
1992,0
1993,0
1994,0
1995,0
1996,0
1997,0
1998,0
1999,0
2000,0
2001,0
2002,0
2003,0
2004,0
2005,0
2006,0
2007,0
2008,0
2009,0
2010,0
2011,0
2012,0
2013,0
2014,0
2015,0
2016,0
2017,0
2018,0
2019,0
2020,0
2021,0
2022,0
2023,0
2024,0
2025,0
2026,0
2027,0
2028,0
2029,0
2030,0
2031,0
2032,0
2033,0
2034,0
2035,0
2036,0
2037,0
2038,0
2039,0
2040,0
2041,0
2042,0
2043,0
2044,0
2045,0
2046,0
2047,0
2048,0
2049,0
2050,0
2051,0
2052,0
2053,0
2054,0
2055,0
2056,0
2057,0
2058,0
2059,0
2060,0
2061,0
2062,0
2063,0
2064,0
2065,0
2066,0
2067,0
2068,0
2069,0
2070,0
2071,0
2072,0
2073,0
2074,0
2075,0
2076,0
2077,0
2078,0
2079,0
2080,0
2081,0
2082,0
2083,0
2084,0
2085,0
2086,0
2087,0
2088,0
2089,0
2090,0
2091,0
2092,0
2093,0
2094,0
2095,0
2096,0
2097,0
2098,0
2099,0
2100,0
2101,0
2102,0
2103,0
2104,0
2105,0
2106,0
2107,0
2108,0
2109,0
2110,0
2111,0
2112,0
2113,0
2114,0
2115,0
2116,0
2117,0
2118,0
2119,0
2120,0
2121,0
2122,0
2123,0
2124,0
2125,0
2126,0
2127,0
2128,0
2129,0
2130,0
2131,0
2132,0
2133,0
2134,0
2135,0
2136,0
2137,0
2138,0
2139,0
2140,0
2141,0
2142,0
2143,0
2144,0
2145,0
2146,0
2147,0
2148,0
2149,0
2150,0
2151,0
2152,0
2153,0
2154,0
2155,0
2156,0
2157,0
2158,0
2159,0
2160,0
2161,0
2162,0
2163,0
2164,0
2165,0
2166,0
2167,0
2168,0
2169,0
2170,0
2171,0
2172,0
2173,0
2174,0
2175,0
2176,0
2177,0
2178,0
2179,0
2180,0
2181,0
2182,0
2183,0
2184,0
2185,0
2186,0
2187,0
2188,0
2189,0
2190,0
2191,0
2192,0
2193,0
2194,0
2195,0
2196,0
2197,0
2198,0
2199,0
2200,0
2201,0
2202,0
2203,0
2204,0
2205,0
2206,0
2207,0
2208,0
2209,0
2210,0
2211,0
2212,0
2213,0
2214,0
2215,0
2216,0
2217,0
2218,0
2219,0
2220,0
2221,0
2222,0
2223,0
2224,0
2225,0
2226,0
2227,0
2228,0
2229,0
2230,0
2231,0
2232,0
2233,0
2234,0
2235,0
2236,0
2237,0
2238,0
2239,0
2240,0
2241,0
2242,0
2243,0
2244,0
2245,0
2246,0
2247,0
2248,0
2249,0
2250,0
2251,0
2252,0
2253,0
2254,0
2255,0
2256,0
2257,0
2258,0
2259,0
2260,0
2261,0
2262,0
2263,0
2264,0
2265,0
2266,0
2267,0
2268,0
2269,0
2270,0
2271,0
2272,0
2273,0
2274,0
2275,0
2276,0
2277,0
2278,0
2279,0
2280,0
2281,0
2282,0
2283,0
2284,0
2285,0
2286,0
2287,0
2288,0
2289,0
2290,0
2291,0
2292,0
2293,0
2294,0
2295,0
2296,0
2297,0
2298,0
2299,0
2300,0
2301,0
2302,0
2303,0
2304,0
2305,0
2306,0
2307,0
2308,0
2309,0
2310,0
2311,0
2312,0
2313,0
2314,0
2315,0
2316,0
2317,0
2318,0
2319,0
2320,0
2321,0
2322,0
2323,0
2324,0
2325,0
2326,0
2327,0
2328,0
2329,0
2330,0
2331,0
2332,0
2333,0
2334,0
2335,0
2336,0
2337,0
2338,0
2339,0
2340,0
2341,0
2342,0
2343,0
2344,0
2345,0
2346,0
2347,0
2348,0
2349,0
2350,0
2351,0
2352,0
2353,0
2354,0
2355,0
2356,0
2357,0
2358,0
2359,0
2360,0
2361,0
2362,0
2363,0
2364,0
2365,0
2366,0
2367,0
2368,0
2369,0
2370,0
2371,0
2372,0
2373,0
2374,0
2375,0
2376,0
2377,0
2378,0
2379,0
2380,0
2381,0
2382,0
2383,0
2384,0
2385,0
2386,0
2387,0
2388,0
2389,0
2390,0
2391,0
2392,0
2393,0
2394,0
2395,0
2396,0
2397,0
2398,0
2399,0
2400,0
2401,0
2402,0
2403,0
2404,0
2405,0
2406,0
2407,0
2408,0
2409,0
2410,0
2411,0
2412,0
2413,0
2414,0
2415,0
2416,0
2417,0
2418,0
2419,0
2420,0
2421,0
2422,0
2423,0
2424,0
2425,0
2426,0
2427,0
2428,0
2429,0
2430,0
2431,0
2432,0
2433,0
2434,0
2435,0
2436,0
2437,0
2438,0
2439,0
2440,0
2441,0
2442,0
2443,0
2444,0
2445,0
2446,0
2447,0
2448,0
2449,0
2450,0
2451,0
2452,0
2453,0
2454,0
2455,0
2456,0
2457,0
2458,0
2459,0
2460,0
2461,0
2462,0
2463,0
2464,0
2465,0
2466,0
2467,0
2468,0
2469,0
2470,0
2471,0
2472,0
2473,0
2474,0
2475,0
2476,0
2477,0
2478,0
2479,0
2480,0
2481,0
2482,0
2483,0
2484,0
2485,0
2486,0
2487,0
2488,0
2489,0
2490,0
2491,0
2492,0
2493,0
2494,0
2495,0
2496,0
2497,0
2498,0
2499,0
2500,0
2501,0
2502,0
2503,0
2504,0
2505,0
2506,0
2507,0
2508,0
2509,0
2510,0
2511,0
2512,0
2513,0
2514,0
2515,0
2516,0
2517,0
2518,0
2519,0
2520,0
2521,0
2522,0
2523,0
2524,0
2525,0
2526,0
2527,0
2528,0
2529,0
2530,0
2531,0
2532,0
2533,0
2534,0
2535,0
2536,0
2537,0
2538,0
2539,0
2540,0
2541,0
2542,0
2543,0
2544,0
2545,0
2546,0
2547,0
2548,0
2549,0
2550,0
2551,0
2552,0
2553,0
2554,0
2555,0
2556,0
2557,0
2558,0
2559,0
2560,0
2561,0
2562,0
2563,0
2564,0
2565,0
2566,0
2567,0
2568,0
2569,0
2570,0
2571,0
2572,0
2573,0
2574,0
2575,0
2576,0
2577,0
2578,0
2579,0
2580,0
2581,0
2582,0
2583,0
2584,0
2585,0
2586,0
2587,0
2588,0
2589,0
2590,0
2591,0
2592,0
2593,0
2594,0
2595,0
2596,0
2597,0
2598,0
2599,0
2600,0
2601,0
2602,0
2603,0
2604,0
2605,0
2606,0
2607,0
2608,0
2609,0
2610,0
2611,0
2612,0
2613,0
2614,0
2615,0
2616,0
2617,0
2618,0
2619,0
2620,0
2621,0
2622,0
2623,0
2624,0
2625,0
2626,0
2627,0
2628,0
2629,0
2630,0
2631,0
2632,0
2633,0
2634,0
2635,0
2636,0
2637,0
2638,0
2639,0
2640,0
2641,0
2642,0
2643,0
2644,0
2645,0
2646,0
2647,0
2648,0
2649,0
2650,0
2651,0
2652,0
2653,0
2654,0
2655,0
2656,0
2657,0
2658,0
2659,0
2660,0
2661,0
2662,0
2663,0
2664,0
2665,0
2666,0
2667,0
2668,0
2669,0
2670,0
2671,0
2672,0
2673,0
2674,0
2675,0
2676,0
2677,0
2678,0
2679,0
2680,0
2681,0
2682,0
2683,0
2684,0
2685,0
2686,0
2687,0
2688,0
2689,0
2690,0
2691,0
2692,0
2693,0
2694,0
2695,0
2696,0
2697,0
2698,0
2699,0
2700,0
2701,0
2702,0
2703,0
2704,0
2705,0
2706,0
2707,0
2708,0
2709,0
2710,0
2711,0
2712,0
2713,0
2714,0
2715,0
2716,0
2717,0
2718,0
2719,0
2720,0
2721,0
2722,0
2723,0
2724,0
2725,0
2726,0
2727,0
2728,0
2729,0
2730,0
2731,0
2732,0
2733,0
2734,0
2735,0
2736,0
2737,0
2738,0
2739,0
2740,0
2741,0
2742,0
2743,0
2744,0
2745,0
2746,0
2747,0
2748,0
2749,0
2750,0
2751,0
2752,0
2753,0
2754,0
2755,0
2756,0
2757,0
2758,0
2759,0
2760,0
2761,0
2762,0
2763,0
2764,0
2765,0
2766,0
2767,0
2768,0
2769,0
2770,0
2771,0
2772,0
2773,0
2774,0
2775,0
2776,0
2777,0
2778,0
2779,0
2780,0
2781,0
2782,0
2783,0
2784,0
2785,0
2786,0
2787,0
2788,0
2789,0
2790,0
2791,0
2792,0
2793,0
2794,0
2795,0
2796,0
2797,0
2798,0
2799,0
2800,0
2801,0
2802,0
2803,0
2804,0
2805,0
2806,0
2807,0
2808,0
2809,0
2810,0
2811,0
2812,0
2813,0
2814,0
2815,0
2816,0
2817,0
2818,0
2819,0
2820,0
2821,0
2822,0
2823,0
2824,0
2825,0
2826,0
2827,0
2828,0
2829,0
2830,0
2831,0
2832,0
2833,0
2834,0
2835,0
2836,0
2837,0
2838,0
2839,0
2840,0
2841,0
2842,0
2843,0
2844,0
2845,0
2846,0
2847,0
2848,0
2849,0
2850,0
2851,0
2852,0
2853,0
2854,0
2855,0
2856,0
2857,0
2858,0
2859,0
2860,0
2861,0
2862,0
2863,0
2864,0
2865,0
2866,0
2867,0
2868,0
2869,0
2870,0
2871,0
2872,0
2873,0
2874,0
2875,0
2876,0
2877,0
2878,0
2879,0
2880,0
2881,0
2882,0
2883,0
2884,0
2885,0
2886,0
2887,0
2888,0
2889,0
2890,0
2891,0
2892,0
2893,0
2894,0
2895,0
2896,0
2897,0
2898,0
2899,0
2900,0
2901,0
2902,0
2903,0
2904,0
2905,0
2906,0
2907,0
2908,0
2909,0
2910,0
2911,0
2912,0
2913,0
2914,0
2915,0
2916,0
2917,0
2918,0
2919,0
2920,0
2921,0
2922,0
2923,0
2924,0
2925,0
2926,0
2927,0
2928,0
2929,0
2930,0
2931,0
2932,0
2933,0
2934,0
2935,0
2936,0
2937,0
2938,0
2939,0
2940,0
2941,0
2942,0
2943,0
2944,0
2945,0
2946,0
2947,0
2948,0
2949,0
2950,0
2951,0
2952,0
2953,0
2954,0
2955,0
2956,0
2957,0
2958,0
2959,0
2960,0
2961,0
2962,0
2963,0
2964,0
2965,0
2966,0
2967,0
2968,0
2969,0
2970,0
2971,0
2972,0
2973,0
2974,0
2975,0
2976,0
2977,0
2978,0
2979,0
2980,0
2981,0
2982,0
2983,0
2984,0
2985,0
2986,0
2987,0
2988,0
2989,0
2990,0
2991,0
2992,0
2993,0
2994,0
2995,0
2996,0
2997,0
2998,0
2999,0
3000,0
3001,1
3002,1
3003,1
3004,1
3005,2
3006,2
3007,2
3008,2
3009,2
3010,2
3011,2
3012,2
3013,2
3014,2
3015,2
3016,2
3017,2
3018,2
3019,2
3020,2
3021,2
3022,2
3023,2
3024,2
3025,2
3026,2
3027,2
3028,2
3029,2
3030,2
3031,2
3032,2
3033,2
3034,2
3035,2
3036,2
3037,2
3038,2
3039,2
3040,2
3041,2
3042,2
3043,2
3044,2
3045,2
3046,2
3047,2
3048,2
3049,2
3050,2
3051,2
3052,2
3053,2
3054,2
3055,2
3056,2
3057,2
3058,2
3059,2
3060,2
3061,2
3062,2
3063,3
3064,3
3065,3
3066,3
3067,3
3068,3
3069,3
3070,3
3071,3
3072,3
3073,3
3074,3
3075,3
3076,3
3077,3
3078,3
3079,3
3080,3
3081,3
3082,3
3083,3
3084,3
3085,3
3086,3
3087,3
3088,3
3089,3
3090,3
3091,3
3092,3
3093,3
3094,3
3095,3
3096,3
3097,3
3098,3
3099,3
3100,3
3101,3
3102,3
3103,3
3104,3
3105,3
3106,3
3107,3
3108,3
3109,3
3110,3
3111,3
3112,3
3113,3
3114,3
3115,3
3116,3
3117,3
3118,3
3119,3
3120,3
3121,3
3122,3
3123,3
3124,3
3125,3
3126,3
3127,3
3128,3
3129,3
3130,3
3131,3
3132,3
3133,3
3134,3
3135,3
3136,3
3137,3
3138,3
3139,3
3140,3
3141,3
3142,3
3143,3
3144,3
3145,3
3146,3
3147,3
3148,3
3149,3
3150,3
3151,3
3152,3
3153,3
3154,3
3155,3
3156,3
3157,3
3158,3
3159,3
3160,3
3161,3
3162,3
3163,3
3164,3
3165,3
3166,3
3167,3
3168,3
3169,3
3170,3
3171,3
3172,3
3173,3
3174,3
3175,3
3176,3
3177,3
3178,3
3179,3
3180,3
3181,3
3182,3
3183,3
3184,3
3185,3
3186,3
3187,3
3188,3
3189,3
3190,3
3191,3
3192,3
3193,3
3194,3
3195,3
3196,3
3197,3
3198,3
3199,3
3200,3
3201,3
3202,3
3203,3
3204,3
3205,3
3206,3
3207,3
3208,3
3209,3
3210,3
3211,3
3212,3
3213,3
3214,3
3215,3
3216,3
3217,2
3218,2
3219,2
3220,2
3221,2
3222,2
3223,2
3224,1
3225,1
3226,1
3227,1
3228,1
3229,1
3230,1
3231,1
3232,1
3233,1
3234,1
3235,1
3236,1
3237,1
3238,1
3239,1
3240,1
3241,1
3242,1
3243,1
3244,1
3245,1
3246,1
3247,1
3248,1
3249,1
3250,1
3251,1
3252,1
3253,1
3254,1
3255,1
3256,1
3257,1
3258,1
3259,1
3260,1
3261,1
3262,1
3263,1
3264,1
3265,1
3266,0
3267,0
3268,0
3269,0
3270,0
3271,0
3272,0
3273,0
3274,0
3275,0
3276,0
3277,0
3278,0
3279,0
3280,0
3281,0
3282,0
3283,0
3284,0
3285,0
3286,0
3287,0
3288,0
3289,0
3290,0
3291,0
3292,0
3293,0
3294,0
3295,0
3296,0
3297,0
3298,0
3299,0
3300,0
3301,0
3302,0
3303,0
3304,0
3305,0
3306,0
3307,0
3308,0
3309,0
3310,0
3311,0
3312,0
3313,0
3314,0
3315,0
3316,0
3317,0
3318,0
3319,0
3320,0
3321,0
3322,0
3323,0
3324,0
3325,0
3326,0
3327,0
3328,0
3329,0
3330,0
3331,0
3332,0
3333,0
3334,0
3335,0
3336,0
3337,0
3338,0
3339,0
3340,0
3341,0
3342,0
3343,0
3344,0
3345,0
3346,0
3347,0
3348,0
3349,0
3350,0
3351,0
3352,0
3353,0
3354,0
3355,0
3356,0
3357,0
3358,0
3359,0
3360,0
3361,0
3362,0
3363,0
3364,0
3365,0
3366,0
3367,0
3368,0
3369,0
3370,0
3371,0
3372,0
3373,0
3374,0
3375,0
3376,0
3377,0
3378,0
3379,0
3380,0
3381,0
3382,0
3383,0
3384,0
3385,0
3386,0
3387,0
3388,0
3389,0
3390,0
3391,0
3392,0
3393,0
3394,0
3395,0
3396,0
3397,0
3398,0
3399,0
3400,0
3401,0
3402,0
3403,0
3404,0
3405,0
3406,0
3407,0
3408,0
3409,0
3410,0
3411,0
3412,0
3413,0
3414,0
3415,0
3416,0
3417,0
3418,0
3419,0
3420,0
3421,0
3422,0
3423,0
3424,0
3425,0
3426,0
3427,0
3428,0
3429,0
3430,0
3431,0
3432,0
3433,0
3434,0
3435,0
3436,0
3437,0
3438,0
3439,0
3440,0
3441,0
3442,0
3443,0
3444,0
3445,0
3446,0
3447,0
3448,0
3449,0
3450,0
3451,0
3452,0
3453,0
3454,0
3455,0
3456,0
3457,0
3458,0
3459,0
3460,0
3461,0
3462,0
3463,0
3464,0
3465,0
3466,0
3467,0
3468,0
3469,0
3470,0
3471,0
3472,0
3473,0
3474,0
3475,0
3476,0
3477,0
3478,0
3479,0
3480,0
3481,0
3482,0
3483,0
3484,0
3485,0
3486,0
3487,0
3488,0
3489,0
3490,0
3491,0
3492,0
3493,0
3494,0
3495,0
3496,0
3497,0
3498,0
3499,0
3500,0
3501,0
3502,0
3503,0
3504,0
3505,0
3506,0
3507,0
3508,0
3509,0
3510,0
3511,0
3512,0
3513,0
3514,0
3515,0
3516,0
3517,0
3518,0
3519,0
3520,0
3521,0
3522,0
3523,0
3524,0
3525,0
3526,0
3527,0
3528,0
3529,0
3530,0
3531,0
3532,0
3533,0
3534,0
3535,0
3536,0
3537,0
3538,0
3539,0
3540,0
3541,0
3542,0
3543,0
3544,0
3545,0
3546,0
3547,0
3548,0
3549,0
3550,0
3551,0
3552,0
3553,0
3554,0
3555,0
3556,0
3557,0
3558,0
3559,0
3560,0
3561,0
3562,0
3563,0
3564,0
3565,0
3566,0
3567,0
3568,0
3569,0
3570,0
3571,0
3572,0
3573,0
3574,0
3575,0
3576,0
3577,0
3578,0
3579,0
3580,0
3581,0
3582,0
3583,0
3584,0
3585,0
3586,0
3587,0
3588,0
3589,0
3590,0
3591,0
3592,0
3593,0
3594,0
3595,0
3596,0
3597,0
3598,0
3599,0
3600,0
3601,0
3602,0
3603,0
3604,0
3605,0
3606,0
3607,0
3608,0
3609,0
3610,0
3611,0
3612,0
3613,0
3614,0
3615,0
3616,0
3617,0
3618,0
3619,0
3620,0
3621,0
3622,0
3623,0
3624,0
3625,0
3626,0
3627,0
3628,0
3629,0
3630,0
3631,0
3632,0
3633,0
3634,0
3635,0
3636,0
3637,0
3638,0
3639,0
3640,0
3641,0
3642,0
3643,0
3644,0
3645,0
3646,0
3647,0
3648,0
3649,0
3650,0
3651,0
3652,0
3653,0
3654,0
3655,0
3656,0
3657,0
3658,0
3659,0
3660,0
3661,0
3662,0
3663,0
3664,0
3665,0
3666,0
3667,0
3668,0
3669,0
3670,0
3671,0
3672,0
3673,0
3674,0
3675,0
3676,0
3677,0
3678,0
3679,0
3680,0
3681,0
3682,0
3683,0
3684,0
3685,0
3686,0
3687,0
3688,0
3689,0
3690,0
3691,0
3692,0
3693,0
3694,0
3695,0
3696,0
3697,0
3698,0
3699,0
3700,0
3701,0
3702,0
3703,0
3704,0
3705,0
3706,0
3707,0
3708,0
3709,0
3710,0
3711,0
3712,0
3713,0
3714,0
3715,0
3716,0
3717,0
3718,0
3719,0
3720,0
3721,0
3722,0
3723,0
3724,0
3725,0
3726,0
3727,0
3728,0
3729,0
3730,0
3731,0
3732,0
3733,0
3734,0
3735,0
3736,0
3737,0
3738,0
3739,0
3740,0
3741,0
3742,0
3743,0
3744,0
3745,0
3746,0
3747,0
3748,0
3749,0
3750,0
3751,0
3752,0
3753,0
3754,0
3755,0
3756,0
3757,0
3758,0
3759,0
3760,0
3761,0
3762,0
3763,0
3764,0
3765,0
3766,0
3767,0
3768,0
3769,0
3770,0
3771,0
3772,0
3773,0
3774,0
3775,0
3776,0
3777,0
3778,0
3779,0
3780,0
3781,0
3782,0
3783,0
3784,0
3785,0
3786,0
3787,0
3788,0
3789,0
3790,0
3791,0
3792,0
3793,0
3794,0
3795,0
3796,0
3797,0
3798,0
3799,0
3800,0
3801,0
3802,0
3803,0
3804,0
3805,0
3806,0
3807,0
3808,0
3809,0
3810,0
3811,0
3812,0
3813,0
3814,0
3815,0
3816,0
3817,0
3818,0
3819,0
3820,0
3821,0
3822,0
3823,0
3824,0
3825,0
3826,0
3827,0
3828,0
3829,0
3830,0
3831,0
3832,0
3833,0
3834,0
3835,0
3836,0
3837,0
3838,0
3839,0
3840,0
3841,0
3842,0
3843,0
3844,0
3845,0
3846,0
3847,0
3848,0
3849,0
3850,0
3851,0
3852,0
3853,0
3854,0
3855,0
3856,0
3857,0
3858,0
3859,0
3860,0
3861,0
3862,0
3863,0
3864,0
3865,0
3866,0
3867,0
3868,0
3869,0
3870,0
3871,0
3872,0
3873,0
3874,0
3875,0
3876,0
3877,0
3878,0
3879,0
3880,0
3881,0
3882,0
3883,0
3884,0
3885,0
3886,0
3887,0
3888,0
3889,0
3890,0
3891,0
3892,0
3893,0
3894,0
3895,0
3896,0
3897,0
3898,0
3899,0
3900,0
3901,0
3902,0
3903,0
3904,0
3905,0
3906,0
3907,0
3908,0
3909,0
3910,0
3911,0
3912,0
3913,0
3914,0
3915,0
3916,0
3917,0
3918,0
3919,0
3920,0
3921,0
3922,0
3923,0
3924,0
3925,0
3926,0
3927,0
3928,0
3929,0
3930,0
3931,0
3932,0
3933,0
3934,0
3935,0
3936,0
3937,0
3938,0
3939,0
3940,0
3941,0
3942,0
3943,0
3944,0
3945,0
3946,0
3947,0
3948,0
3949,0
3950,0
3951,0
3952,0
3953,0
3954,0
3955,0
3956,0
3957,0
3958,0
3959,0
3960,0
3961,0
3962,0
3963,0
3964,0
3965,0
3966,0
3967,0
3968,0
3969,0
3970,0
3971,0
3972,0
3973,0
3974,0
3975,0
3976,0
3977,0
3978,0
3979,0
3980,0
3981,0
3982,0
3983,0
3984,0
3985,0
3986,0
3987,0
3988,0
3989,0
3990,0
3991,0
3992,0
3993,0
3994,0
3995,0
3996,0
3997,0
3998,0
3999,0
4000,0
4001,0
4002,0
4003,0
4004,0
4005,0
4006,0
4007,0
4008,0
4009,0
4010,0
4011,0
4012,0
4013,0
4014,0
4015,0
4016,0
4017,0
4018,0
4019,0
4020,0
4021,0
4022,0
4023,0
4024,0
4025,0
4026,0
4027,0
4028,0
4029,0
4030,0
4031,0
4032,0
4033,0
4034,0
4035,0
4036,0
4037,0
4038,0
4039,0
4040,0
4041,0
4042,0
4043,0
4044,0
4045,0
4046,0
4047,0
4048,0
4049,0
4050,0
4051,0
4052,0
4053,0
4054,0
4055,0
4056,0
4057,0
4058,0
4059,0
4060,0
4061,0
4062,0
4063,0
4064,0
4065,0
4066,0
4067,0
4068,0
4069,0
4070,0
4071,0
4072,0
4073,0
4074,0
4075,0
4076,0
4077,0
4078,0
4079,0
4080,0
4081,0
4082,0
4083,0
4084,0
4085,0
4086,0
4087,0
4088,0
4089,0
4090,0
4091,0
4092,0
4093,0
4094,0
4095,0
4096,0
4097,0
4098,0
4099,0
4100,0
4101,0
4102,0
4103,0
4104,0
4105,0
4106,0
4107,0
4108,0
4109,0
4110,0
4111,0
4112,0
4113,0
4114,0
4115,0
4116,0
4117,0
4118,0
4119,0
4120,0
4121,0
4122,0
4123,0
4124,0
4125,0
4126,0
4127,0
4128,0
4129,0
4130,0
4131,0
4132,0
4133,0
4134,0
4135,0
4136,0
4137,0
4138,0
4139,0
4140,0
4141,0
4142,0
4143,0
4144,0
4145,0
4146,0
4147,0
4148,0
4149,0
4150,0
4151,0
4152,0
4153,0
4154,0
4155,0
4156,0
4157,0
4158,0
4159,0
4160,0
4161,0
4162,0
4163,0
4164,0
4165,0
4166,0
4167,0
4168,0
4169,0
4170,0
4171,0
4172,0
4173,0
4174,0
4175,0
4176,0
4177,0
4178,0
4179,0
4180,0
4181,0
4182,0
4183,0
4184,0
4185,0
4186,0
4187,0
4188,0
4189,0
4190,0
4191,0
4192,0
4193,0
4194,0
4195,0
4196,0
4197,0
4198,0
4199,0
4200,0
4201,0
4202,0
4203,0
4204,0
4205,0
4206,0
4207,0
4208,0
4209,0
4210,0
4211,0
4212,0
4213,0
4214,0
4215,0
4216,0
4217,0
4218,0
4219,0
4220,0
4221,0
4222,0
4223,0
4224,0
4225,0
4226,0
4227,0
4228,0
4229,0
4230,0
4231,0
4232,0
4233,0
4234,0
4235,0
4236,0
4237,0
4238,0
4239,0
4240,0
4241,0
4242,0
4243,0
4244,0
4245,0
4246,0
4247,0
4248,0
4249,0
4250,0
4251,0
4252,0
4253,0
4254,0
4255,0
4256,0
4257,0
4258,0
4259,0
4260,0
4261,0
4262,0
4263,0
4264,0
4265,0
4266,0
4267,0
4268,0
4269,0
4270,0
4271,0
4272,0
4273,0
4274,0
4275,0
4276,0
4277,0
4278,0
4279,0
4280,0
4281,0
4282,0
4283,0
4284,0
4285,0
4286,0
4287,0
4288,0
4289,0
4290,0
4291,0
4292,0
4293,0
4294,0
4295,0
4296,0
4297,0
4298,0
4299,0
4300,0
4301,0
4302,0
4303,0
4304,0
4305,0
4306,0
4307,0
4308,0
4309,0
4310,0
4311,0
4312,0
4313,0
4314,0
4315,0
4316,0
4317,0
4318,0
4319,0
4320,0
4321,0
4322,0
4323,0
4324,0
4325,0
4326,0
4327,0
4328,0
4329,0
4330,0
4331,0
4332,0
4333,0
4334,0
4335,0
4336,0
4337,0
4338,0
4339,0
4340,0
4341,0
4342,0
4343,0
4344,0
4345,0
4346,0
4347,0
4348,0
4349,0
4350,0
4351,0
4352,0
4353,0
4354,0
4355,0
4356,0
4357,0
4358,0
4359,0
4360,0
4361,0
4362,0
4363,0
4364,0
4365,0
4366,0
4367,0
4368,0
4369,0
4370,0
4371,0
4372,0
4373,0
4374,0
4375,0
4376,0
4377,0
4378,0
4379,0
4380,0
4381,0
4382,0
4383,0
4384,0
4385,0
4386,0
4387,0
4388,0
4389,0
4390,0
4391,0
4392,0
4393,0
4394,0
4395,0
4396,0
4397,0
4398,0
4399,0
4400,0
4401,0
4402,0
4403,0
4404,0
4405,0
4406,0
4407,0
4408,0
4409,0
4410,0
4411,0
4412,0
4413,0
4414,0
4415,0
4416,0
4417,0
4418,0
4419,0
4420,0
4421,0
4422,0
4423,0
4424,0
4425,0
4426,0
4427,0
4428,0
4429,0
4430,0
4431,0
4432,0
4433,0
4434,0
4435,0
4436,0
4437,0
4438,0
4439,0
4440,0
4441,0
4442,0
4443,0
4444,0
4445,0
4446,0
4447,0
4448,0
4449,0
4450,0
4451,0
4452,0
4453,0
4454,0
4455,0
4456,0
4457,0
4458,0
4459,0
4460,0
4461,0
4462,0
4463,0
4464,0
4465,0
4466,0
4467,0
4468,0
4469,0
4470,0
4471,0
4472,0
4473,0
4474,0
4475,0
4476,0
4477,0
4478,0
4479,0
4480,0
4481,0
4482,0
4483,0
4484,0
4485,0
4486,0
4487,0
4488,0
4489,0
4490,0
4491,0
4492,0
4493,0
4494,0
4495,0
4496,0
4497,0
4498,0
4499,0
4500,0
4501,0
4502,0
4503,0
4504,0
4505,0
4506,0
4507,0
4508,0
4509,0
4510,0
4511,0
4512,0
4513,0
4514,0
4515,0
4516,0
4517,0
4518,0
4519,0
4520,0
4521,0
4522,0
4523,0
4524,0
4525,0
4526,0
4527,0
4528,0
4529,0
4530,0
4531,0
4532,0
4533,0
4534,0
4535,0
4536,0
4537,0
4538,0
4539,0
4540,0
4541,0
4542,0
4543,1
4544,1
4545,2
4546,2
4547,3
4548,3
4549,3
4550,3
4551,3
4552,3
4553,3
4554,3
4555,4
4556,4
4557,4
4558,4
4559,4
4560,4
4561,4
4562,4
4563,4
4564,4
4565,4
4566,4
4567,4
4568,4
4569,4
4570,4
4571,4
4572,4
4573,4
4574,4
4575,4
4576,4
4577,4
4578,4
4579,4
4580,4
4581,4
4582,4
4583,4
4584,4
4585,4
4586,4
4587,4
4588,4
4589,4
4590,4
4591,4
4592,4
4593,4
4594,4
4595,4
4596,4
4597,4
4598,4
4599,4
4600,4
4601,4
4602,4
4603,4
4604,4
4605,4
4606,4
4607,4
4608,4
4609,4
4610,4
4611,4
4612,4
4613,4
4614,4
4615,4
4616,4
4617,4
4618,4
4619,4
4620,4
4621,4
4622,4
4623,4
4624,4
4625,4
4626,4
4627,4
4628,4
4629,4
4630,4
4631,4
4632,4
4633,4
4634,4
4635,4
4636,4
4637,4
4638,4
4639,4
4640,4
4641,4
4642,4
4643,4
4644,4
4645,4
4646,4
4647,4
4648,4
4649,4
4650,4
4651,4
4652,4
4653,4
4654,4
4655,4
4656,4
4657,4
4658,4
4659,4
4660,4
4661,4
4662,4
4663,4
4664,4
4665,4
4666,4
4667,4
4668,4
4669,4
4670,4
4671,4
4672,4
4673,4
4674,4
4675,4
4676,4
4677,4
4678,4
4679,4
4680,4
4681,4
4682,4
4683,4
4684,4
4685,4
4686,4
4687,4
4688,4
4689,4
4690,4
4691,4
4692,4
4693,4
4694,4
4695,4
4696,4
4697,4
4698,4
4699,4
4700,3
4701,3
4702,3
4703,3
4704,3
4705,3
4706,3
4707,3
4708,3
4709,3
4710,3
4711,3
4712,3
4713,3
4714,3
4715,3
4716,3
4717,3
4718,3
4719,3
4720,3
4721,3
4722,3
4723,3
4724,3
4725,3
4726,3
4727,3
4728,3
4729,3
4730,3
4731,3
4732,3
4733,3
4734,3
4735,3
4736,3
4737,3
4738,3
4739,3
4740,3
4741,3
4742,3
4743,3
4744,3
4745,3
4746,3
4747,3
4748,3
4749,3
4750,3
4751,3
4752,3
4753,3
4754,3
4755,3
4756,3
4757,3
4758,3
4759,3
4760,3
4761,2
4762,2
4763,2
4764,2
4765,2
4766,2
4767,2
4768,2
4769,2
4770,2
4771,2
4772,2
4773,2
4774,2
4775,2
4776,2
4777,2
4778,3
4779,3
4780,3
4781,3
4782,3
4783,3
4784,3
4785,3
4786,3
4787,3
4788,3
4789,3
4790,3
4791,3
4792,3
4793,3
4794,3
4795,3
4796,3
4797,3
4798,3
4799,3
4800,3
4801,3
4802,3
4803,3
4804,3
4805,3
4806,3
4807,3
4808,3
4809,3
4810,3
4811,3
4812,3
4813,3
4814,3
4815,3
4816,3
4817,3
4818,3
4819,3
4820,3
4821,3
4822,3
4823,3
4824,3
4825,3
4826,3
4827,3
4828,3
4829,3
4830,3
4831,3
4832,3
4833,3
4834,3
4835,3
4836,3
4837,3
4838,3
4839,3
4840,3
4841,2
4842,2
4843,2
4844,2
4845,2
