1,0
2,0
3,0
4,0
5,0
6,0
7,0
8,0
9,0
10,0
11,0
12,0
13,0
14,0
15,0
16,0
17,0
18,0
19,1
20,1
21,1
22,1
23,1
24,1
25,1
26,1
27,1
28,1
29,1
30,0
31,0
32,0
33,0
34,0
35,0
36,0
37,0
38,0
39,0
40,0
41,0
42,0
43,0
44,0
45,0
46,0
47,0
48,0
49,0
50,0
51,0
52,0
53,0
54,0
55,0
56,0
57,0
58,0
59,0
60,0
61,0
62,0
63,0
64,0
65,0
66,0
67,0
68,0
69,0
70,0
71,0
72,0
73,0
74,0
75,0
76,0
77,0
78,0
79,0
80,0
81,0
82,0
83,0
84,0
85,0
86,0
87,0
88,0
89,0
90,0
91,0
92,0
93,0
94,0
95,0
96,0
97,0
98,0
99,0
100,0
101,0
102,0
103,0
104,0
105,0
106,0
107,0
108,0
109,0
110,0
111,0
112,0
113,0
114,0
115,0
116,0
117,0
118,0
119,0
120,0
121,0
122,0
123,0
124,0
125,0
126,0
127,1
128,2
129,3
130,4
131,4
132,3
133,3
134,3
135,3
136,3
137,3
138,3
139,3
140,3
141,3
142,3
143,3
144,2
145,2
146,2
147,2
148,2
149,2
150,1
151,1
152,1
153,1
154,1
155,1
156,1
157,1
158,1
159,0
160,0
161,0
162,0
163,0
164,0
165,0
166,0
167,0
168,0
169,0
170,0
171,0
172,0
173,0
174,0
175,0
176,0
177,0
178,0
179,0
180,0
181,0
182,0
183,0
184,0
185,0
186,0
187,0
188,0
189,0
190,0
191,0
192,0
193,0
194,0
195,0
196,0
197,0
198,0
199,0
200,0
201,0
202,0
203,0
204,0
205,0
206,0
207,0
208,0
209,0
210,0
211,0
212,0
213,0
214,0
215,0
216,0
217,0
218,0
219,0
220,0
221,0
222,0
223,0
224,0
225,0
226,0
227,0
228,0
229,0
230,0
231,0
232,0
233,0
234,0
235,0
236,0
237,0
238,0
239,0
240,0
241,0
242,0
243,0
244,0
245,0
246,0
247,0
248,0
249,0
250,0
251,0
252,0
253,0
254,0
255,0
256,0
257,0
258,0
259,0
260,0
261,0
262,0
263,0
264,0
265,1
266,2
267,3
268,3
269,3
270,3
271,3
272,3
273,3
274,3
275,3
276,3
277,3
278,3
279,3
280,3
281,3
282,3
283,3
284,3
285,3
286,3
287,3
288,3
289,3
290,3
291,3
292,3
293,3
294,3
295,2
296,2
297,2
298,2
299,2
300,1
301,1
302,1
303,1
304,1
305,1
306,1
307,1
308,1
309,1
310,1
311,0
312,0
313,0
314,0
315,0
316,0
317,0
318,0
319,0
320,0
321,0
322,0
323,0
324,0
325,0
326,0
327,0
328,0
329,0
330,0
331,0
332,0
333,0
334,0
335,0
336,0
337,0
338,0
339,0
340,0
341,0
342,0
343,0
344,0
345,0
346,0
347,0
348,0
349,0
350,0
351,0
352,0
353,0
354,0
355,0
356,0
357,0
358,0
359,0
360,0
361,0
362,0
363,0
364,0
365,0
366,0
367,0
368,0
369,0
370,0
371,0
372,0
373,0
374,0
375,0
376,1
377,1
378,1
379,1
380,1
381,1
382,1
383,1
384,0
385,0
386,0
387,0
388,0
389,0
390,0
391,0
392,0
393,0
394,0
395,0
396,0
397,0
398,0
399,0
400,0
401,0
402,0
403,0
404,0
405,0
406,0
407,0
408,0
409,0
410,0
411,0
412,0
413,0
414,0
415,0
416,0
417,0
418,0
419,0
420,0
421,0
422,0
423,0
424,0
425,0
426,0
427,0
428,0
429,0
430,0
431,0
432,0
433,0
434,0
435,0
436,0
437,0
438,0
439,0
440,0
441,0
442,0
443,0
444,0
445,0
446,0
447,0
448,0
449,0
450,0
451,0
452,0
453,0
454,0
455,0
456,0
457,0
458,0
459,0
460,0
461,0
462,0
463,0
464,0
465,0
466,0
467,0
468,0
469,0
470,0
471,0
472,0
473,0
474,0
475,0
476,0
477,0
478,0
479,0
480,0
481,0
482,0
483,0
484,0
485,0
486,0
487,0
488,0
489,0
490,0
491,0
492,0
493,0
494,0
495,0
496,0
497,0
498,0
499,0
500,0
501,0
502,0
503,0
504,0
505,0
506,0
507,0
508,0
509,0
510,0
511,0
512,0
513,0
514,0
515,0
516,0
517,0
518,0
519,0
520,0
521,0
522,0
523,0
524,0
525,0
526,0
527,0
528,0
529,0
530,0
531,0
532,0
533,0
534,0
535,0
536,0
537,0
538,0
539,0
540,0
541,0
542,0
543,0
544,0
545,0
546,0
547,0
548,0
549,0
550,0
551,0
552,0
553,0
554,0
555,0
556,0
557,0
558,0
559,0
560,0
561,0
562,0
563,0
564,0
565,0
566,0
567,0
568,0
569,0
570,0
571,0
572,0
573,0
574,0
575,0
576,0
577,0
578,0
579,0
580,0
581,0
582,0
583,0
584,0
585,0
586,0
587,0
588,0
589,0
590,0
591,0
592,0
593,0
594,0
595,0
596,0
597,0
598,0
599,0
600,0
601,0
602,0
603,0
604,0
605,0
606,0
607,0
608,0
609,0
610,0
611,0
612,0
613,0
614,0
615,0
616,0
617,0
618,0
619,0
620,0
621,0
622,0
623,0
624,0
625,0
626,0
627,0
628,0
629,0
630,0
631,0
632,0
633,0
634,0
635,0
636,0
637,0
638,0
639,0
640,0
641,0
642,0
643,0
644,0
645,0
646,0
647,0
648,0
649,0
650,0
651,0
652,0
653,0
654,0
655,0
656,0
657,0
658,0
659,0
660,0
661,0
662,0
663,0
664,0
665,0
666,0
667,0
668,0
669,0
670,0
671,0
672,0
673,0
674,0
675,0
676,0
677,0
678,0
679,0
680,0
681,0
682,0
683,0
684,0
685,0
686,0
687,0
688,0
689,0
690,0
691,0
692,0
693,0
694,0
695,0
696,0
697,0
698,0
699,0
700,0
701,0
702,0
703,0
704,0
705,0
706,0
707,0
708,0
709,0
710,0
711,0
712,0
713,0
714,0
715,0
716,0
717,0
718,0
719,0
720,0
721,0
722,0
723,0
724,0
725,0
726,0
727,0
728,0
729,0
730,0
731,0
732,0
733,0
734,0
735,0
736,0
737,0
738,0
739,0
740,0
741,0
742,0
743,0
744,0
745,0
746,0
747,0
748,0
749,0
750,0
751,0
752,0
753,0
754,0
755,0
756,0
757,0
758,0
759,0
760,0
761,0
762,0
763,0
764,0
765,0
766,0
767,0
768,0
769,0
770,0
771,0
772,0
773,0
774,0
775,0
776,0
777,0
778,0
779,0
780,0
781,0
782,0
783,0
784,0
785,0
786,0
787,0
788,0
789,0
790,0
791,0
792,0
793,0
794,0
795,0
796,0
797,0
798,0
799,0
800,0
801,0
802,0
803,0
804,0
805,0
806,0
807,0
808,0
809,0
810,0
811,0
812,0
813,0
814,0
815,0
816,0
817,0
818,0
819,0
820,0
821,0
822,0
823,0
824,0
825,0
826,0
827,0
828,0
829,0
830,0
831,0
832,0
833,0
834,0
835,0
836,0
837,0
838,0
839,0
840,0
841,0
842,0
843,0
844,0
845,0
846,0
847,0
848,1
849,2
850,3
851,3
852,3
853,3
854,3
855,3
856,3
857,3
858,3
859,3
860,3
861,3
862,3
863,3
864,3
865,3
866,3
867,3
868,3
869,3
870,3
871,3
872,3
873,3
874,3
875,3
876,3
877,3
878,3
879,2
880,2
881,2
882,2
883,2
884,2
885,2
886,1
887,1
888,1
889,1
890,1
891,1
892,1
893,0
894,0
895,0
896,0
897,0
898,0
899,0
900,0
901,0
902,0
903,0
904,0
905,0
906,0
907,0
908,0
909,0
910,0
911,0
912,0
913,0
914,0
915,0
916,0
917,0
918,0
919,0
920,0
921,0
922,0
923,0
924,0
925,0
926,0
927,0
928,0
929,0
930,0
931,0
932,0
933,0
934,0
935,0
936,0
937,1
938,2
939,3
940,3
941,3
942,3
943,3
944,3
945,3
946,3
947,3
948,3
949,3
950,3
951,3
952,3
953,3
954,3
955,3
956,3
957,3
958,3
959,3
960,3
961,2
962,2
963,2
964,1
965,1
966,0
967,0
968,0
969,0
970,0
971,0
972,0
973,0
974,0
975,0
976,0
977,0
978,0
979,0
980,0
981,0
982,0
983,0
984,0
985,0
986,0
987,0
988,0
989,0
990,0
991,0
992,1
993,1
994,1
995,1
996,1
997,1
998,1
999,1
1000,1
1001,1
1002,1
1003,1
1004,1
1005,1
1006,1
1007,1
1008,1
1009,1
1010,1
1011,1
1012,1
1013,1
1014,1
1015,1
1016,1
1017,1
1018,1
1019,1
1020,1
1021,0
1022,0
1023,0
1024,0
1025,0
1026,0
1027,0
1028,0
1029,0
1030,0
1031,0
1032,0
1033,0
1034,0
1035,0
1036,0
1037,0
1038,0
1039,0
1040,0
1041,0
1042,0
1043,0
1044,0
1045,0
1046,0
1047,0
1048,0
1049,0
1050,0
1051,0
1052,0
1053,0
1054,0
1055,0
1056,0
1057,0
1058,0
1059,0
1060,0
1061,0
1062,0
1063,0
1064,0
1065,0
1066,0
1067,0
1068,0
1069,0
1070,0
1071,0
1072,0
1073,0
1074,0
1075,0
1076,0
1077,0
1078,0
1079,0
1080,0
1081,0
1082,0
1083,0
1084,0
1085,0
1086,0
1087,0
1088,0
1089,0
1090,0
1091,0
1092,0
1093,0
1094,0
1095,0
1096,0
1097,0
1098,0
1099,0
1100,0
1101,0
1102,0
1103,0
1104,0
1105,0
1106,0
1107,0
1108,0
1109,0
1110,0
1111,0
1112,0
1113,0
1114,0
1115,0
1116,0
1117,0
1118,0
1119,0
1120,0
1121,0
1122,0
1123,0
1124,0
1125,0
1126,0
1127,0
1128,0
1129,0
1130,0
1131,0
1132,0
1133,0
1134,0
1135,0
1136,0
1137,0
1138,0
1139,0
1140,0
1141,0
1142,0
1143,0
1144,0
1145,0
1146,0
1147,0
1148,0
1149,0
1150,0
1151,0
1152,0
1153,0
1154,0
1155,0
1156,0
1157,0
1158,0
1159,0
1160,0
1161,0
1162,0
1163,0
1164,0
1165,0
1166,0
1167,0
1168,0
1169,0
1170,0
1171,0
1172,0
1173,0
1174,0
1175,0
1176,0
1177,0
1178,0
1179,0
1180,0
1181,0
1182,0
1183,0
1184,0
1185,0
1186,0
1187,0
1188,0
1189,0
1190,0
1191,0
1192,0
1193,0
1194,0
1195,1
1196,1
1197,1
1198,1
1199,1
1200,1
1201,1
1202,1
1203,1
1204,1
1205,1
1206,1
1207,0
1208,0
1209,0
1210,0
1211,0
1212,0
1213,0
1214,0
1215,0
1216,0
1217,0
1218,0
1219,0
1220,0
1221,0
1222,0
1223,0
1224,0
1225,0
1226,0
1227,0
1228,0
1229,0
1230,0
1231,0
1232,0
1233,0
1234,0
1235,0
1236,0
1237,0
1238,0
1239,0
1240,0
1241,0
1242,0
1243,0
1244,0
1245,0
1246,0
1247,0
1248,0
1249,0
1250,0
1251,0
1252,0
1253,0
1254,0
1255,0
1256,0
1257,0
1258,0
1259,0
1260,0
1261,0
1262,0
1263,0
1264,0
1265,0
1266,0
1267,0
1268,0
1269,0
1270,0
1271,0
1272,0
1273,0
1274,0
1275,0
1276,1
1277,2
1278,2
1279,2
1280,3
1281,3
1282,3
1283,3
1284,2
1285,2
1286,2
1287,2
1288,1
1289,1
1290,0
1291,0
1292,0
1293,0
1294,0
1295,0
1296,0
1297,0
1298,0
1299,0
1300,0
1301,0
1302,0
1303,0
1304,0
1305,0
1306,0
1307,0
1308,0
1309,0
1310,0
1311,0
1312,0
1313,0
1314,0
1315,0
1316,0
1317,0
1318,0
1319,0
1320,0
1321,0
1322,0
1323,0
1324,0
1325,0
1326,0
1327,0
1328,0
1329,0
1330,0
1331,0
1332,0
1333,0
1334,0
1335,0
1336,0
1337,0
1338,0
1339,0
1340,0
1341,0
1342,0
1343,0
1344,0
1345,0
1346,0
1347,0
1348,0
1349,0
1350,0
1351,0
1352,0
1353,0
1354,0
1355,0
1356,0
1357,0
1358,0
1359,0
1360,0
1361,0
1362,0
1363,0
1364,0
1365,0
1366,0
1367,0
1368,0
1369,0
1370,0
1371,0
1372,0
1373,0
1374,0
1375,0
1376,0
1377,0
1378,0
1379,0
1380,0
1381,0
1382,0
1383,0
1384,0
1385,0
1386,0
1387,0
1388,0
1389,0
1390,0
1391,0
1392,0
1393,0
1394,0
1395,0
1396,0
1397,0
1398,0
1399,0
1400,0
1401,0
1402,0
1403,0
1404,0
1405,0
1406,0
1407,0
1408,0
1409,0
1410,0
1411,0
1412,0
1413,0
1414,0
1415,0
1416,0
1417,0
1418,0
1419,0
1420,0
1421,0
1422,0
1423,0
1424,0
1425,0
1426,0
1427,0
1428,0
1429,0
1430,0
1431,0
1432,0
1433,0
1434,0
1435,0
1436,0
1437,0
1438,0
1439,0
1440,0
1441,0
1442,0
1443,0
1444,0
1445,0
1446,0
1447,0
1448,0
1449,0
1450,0
1451,0
1452,0
1453,0
1454,0
1455,0
1456,0
1457,0
1458,0
1459,0
1460,0
1461,0
1462,0
1463,0
1464,0
1465,0
1466,0
1467,0
1468,0
1469,0
1470,0
1471,0
1472,0
1473,0
1474,0
1475,0
1476,0
1477,0
1478,0
1479,0
1480,0
1481,0
1482,0
1483,0
1484,0
1485,0
1486,0
1487,0
1488,0
1489,0
1490,0
1491,0
1492,0
1493,0
1494,0
1495,0
1496,0
1497,0
1498,0
1499,0
1500,0
1501,0
1502,0
1503,0
1504,0
1505,0
1506,0
1507,0
1508,0
1509,0
1510,0
1511,0
1512,0
1513,0
1514,0
1515,0
1516,0
1517,0
1518,0
1519,0
1520,0
1521,0
1522,0
1523,0
1524,0
1525,0
1526,0
1527,0
1528,0
1529,0
1530,0
1531,0
1532,0
1533,0
1534,0
1535,0
1536,0
1537,0
1538,0
1539,0
1540,0
1541,0
1542,0
1543,0
1544,0
1545,0
1546,0
1547,0
1548,0
1549,0
1550,0
1551,0
1552,0
1553,0
1554,0
1555,0
1556,0
1557,0
1558,0
1559,0
1560,0
1561,0
1562,0
1563,0
1564,0
1565,0
1566,0
1567,0
1568,0
1569,0
1570,0
1571,0
1572,0
1573,0
1574,0
1575,0
1576,0
1577,0
1578,0
1579,0
1580,0
1581,0
1582,0
1583,0
1584,0
1585,0
1586,0
1587,0
1588,0
1589,0
1590,0
1591,0
1592,0
1593,0
1594,0
1595,0
1596,0
1597,0
1598,0
1599,0
1600,0
1601,0
1602,0
1603,0
1604,0
1605,0
1606,0
1607,0
1608,0
1609,0
1610,0
1611,0
1612,0
1613,0
1614,0
1615,0
1616,0
1617,0
1618,0
1619,0
1620,0
1621,0
1622,0
1623,0
1624,0
1625,0
1626,0
1627,0
1628,0
1629,0
1630,0
1631,0
1632,0
1633,0
1634,0
1635,0
1636,0
1637,0
1638,0
1639,0
1640,0
1641,0
1642,0
1643,0
1644,0
1645,0
1646,0
1647,0
1648,0
1649,0
1650,0
1651,0
1652,0
1653,0
1654,0
1655,0
1656,0
1657,0
1658,0
1659,0
1660,0
1661,0
1662,0
1663,0
1664,0
1665,0
1666,0
1667,0
1668,0
1669,0
1670,0
1671,0
1672,0
1673,0
1674,0
1675,0
1676,0
1677,0
1678,0
1679,1
1680,1
1681,1
1682,1
1683,1
1684,1
1685,1
1686,1
1687,1
1688,1
1689,1
1690,1
1691,1
1692,0
1693,0
1694,0
1695,0
1696,0
1697,0
1698,0
1699,0
1700,0
1701,0
1702,0
1703,0
1704,0
1705,0
1706,0
1707,0
1708,0
1709,0
1710,0
1711,0
1712,0
1713,0
1714,0
1715,0
1716,0
1717,0
1718,0
1719,0
1720,0
1721,0
1722,0
1723,0
1724,0
1725,0
1726,0
1727,0
1728,0
1729,0
1730,0
1731,0
1732,0
1733,0
1734,0
1735,0
1736,0
1737,0
1738,0
1739,0
1740,0
1741,0
1742,0
1743,0
1744,0
1745,0
1746,0
1747,0
1748,0
1749,0
1750,0
1751,0
1752,0
1753,0
1754,0
1755,0
1756,0
1757,0
1758,0
1759,0
1760,0
1761,0
1762,0
1763,0
1764,0
1765,0
1766,0
1767,0
1768,0
1769,0
1770,0
1771,0
1772,0
1773,0
1774,0
1775,0
1776,0
1777,0
1778,0
1779,0
1780,0
1781,0
1782,0
1783,0
1784,0
1785,0
1786,0
1787,0
1788,0
1789,0
1790,0
1791,0
1792,0
1793,0
1794,0
1795,0
1796,0
1797,0
1798,0
1799,0
1800,1
1801,2
1802,3
1803,3
1804,3
1805,3
1806,3
1807,3
1808,3
1809,3
1810,3
1811,3
1812,3
1813,3
1814,3
1815,3
1816,3
1817,3
1818,3
1819,3
1820,3
1821,3
1822,3
1823,3
1824,3
1825,3
1826,3
1827,3
1828,3
1829,3
1830,3
1831,3
1832,3
1833,3
1834,3
1835,3
1836,3
1837,3
1838,3
1839,3
1840,3
1841,3
1842,3
1843,3
1844,3
1845,3
1846,3
1847,3
1848,3
1849,3
1850,3
1851,3
1852,3
1853,3
1854,3
1855,3
1856,3
1857,3
1858,3
1859,3
1860,3
1861,3
1862,3
1863,3
1864,3
1865,3
1866,3
1867,3
1868,3
1869,3
1870,3
1871,3
1872,3
1873,3
1874,3
1875,3
1876,3
1877,3
1878,3
1879,3
1880,3
1881,3
1882,3
1883,3
1884,3
1885,3
1886,3
1887,3
1888,3
1889,3
1890,3
1891,3
1892,3
1893,3
1894,3
1895,3
1896,3
1897,3
1898,2
1899,2
1900,2
1901,1
1902,1
1903,1
1904,0
1905,0
1906,0
1907,0
1908,0
1909,0
1910,0
1911,0
1912,0
1913,0
1914,0
1915,0
1916,0
1917,0
1918,0
1919,0
1920,0
1921,0
1922,0
1923,0
1924,0
1925,0
1926,0
1927,0
1928,0
1929,0
1930,0
1931,0
1932,0
1933,0
1934,0
1935,0
1936,0
1937,0
1938,0
1939,0
1940,0
1941,0
1942,0
1943,0
1944,0
1945,0
1946,0
1947,0
1948,0
1949,0
1950,0
1951,0
1952,0
1953,0
1954,0
1955,0
1956,0
1957,0
1958,0
1959,0
1960,0
1961,0
1962,0
1963,0
1964,0
1965,0
1966,0
1967,0
1968,0
1969,0
1970,0
1971,0
1972,0
1973,0
1974,0
1975,0
1976,0
1977,0
1978,0
1979,0
1980,0
1981,0
1982,0
1983,0
1984,0
1985,0
1986,0
1987,0
1988,0
1989,0
1990,0
1991,0
1992,0
1993,0
1994,0
1995,0
1996,0
1997,0
1998,0
1999,0
2000,0
2001,0
2002,0
2003,0
2004,0
2005,0
2006,0
2007,0
2008,0
2009,0
2010,0
2011,0
2012,0
2013,0
2014,0
2015,0
2016,0
2017,0
2018,0
2019,0
2020,0
2021,0
2022,0
2023,0
2024,0
2025,0
2026,0
2027,0
2028,0
2029,0
2030,0
2031,0
2032,0
2033,0
2034,0
2035,0
2036,0
2037,0
2038,0
2039,0
2040,0
2041,0
2042,0
2043,0
2044,0
2045,0
2046,0
2047,0
2048,0
2049,0
2050,0
2051,0
2052,0
2053,0
2054,0
2055,0
2056,0
2057,0
2058,0
2059,0
2060,0
2061,0
2062,0
2063,0
2064,0
2065,0
2066,0
2067,0
2068,0
2069,0
2070,0
2071,0
2072,0
2073,0
2074,0
2075,0
2076,0
2077,0
2078,0
2079,0
2080,0
2081,0
2082,0
2083,0
2084,0
2085,1
2086,2
2087,3
2088,3
2089,4
2090,4
2091,4
2092,4
2093,4
2094,4
2095,4
2096,4
2097,4
2098,4
2099,4
2100,4
2101,4
2102,4
2103,4
2104,4
2105,4
2106,4
2107,3
2108,3
2109,3
2110,3
2111,3
2112,3
2113,2
2114,2
2115,2
2116,2
2117,2
2118,2
2119,2
2120,2
2121,2
2122,2
2123,2
2124,1
2125,1
2126,1
2127,1
2128,0
2129,0
2130,0
2131,0
2132,0
2133,0
2134,0
2135,0
2136,0
2137,0
2138,0
2139,0
2140,0
2141,0
2142,0
2143,0
2144,0
2145,1
2146,1
2147,1
2148,1
2149,2
2150,2
2151,2
2152,2
2153,2
2154,2
2155,2
2156,2
2157,2
2158,2
2159,2
2160,2
2161,2
2162,2
2163,2
2164,2
2165,2
2166,3
2167,3
2168,3
2169,3
2170,3
2171,3
2172,3
2173,3
2174,3
2175,3
2176,3
2177,3
2178,3
2179,3
2180,3
2181,3
2182,3
2183,3
2184,3
2185,3
2186,3
2187,3
2188,3
2189,3
2190,3
2191,3
2192,3
2193,3
2194,3
2195,3
2196,3
2197,3
2198,3
2199,3
2200,3
2201,3
2202,3
2203,3
2204,3
2205,3
2206,3
2207,3
2208,3
2209,3
2210,3
2211,3
2212,3
2213,3
2214,3
2215,3
2216,3
2217,3
2218,3
2219,3
2220,3
2221,3
2222,3
2223,3
2224,3
2225,3
2226,3
2227,3
2228,3
2229,3
2230,3
2231,3
2232,3
2233,3
2234,3
2235,3
2236,3
2237,3
2238,3
2239,3
2240,3
2241,3
2242,3
2243,3
2244,3
2245,3
2246,3
2247,3
2248,3
2249,3
2250,3
2251,3
2252,3
2253,3
2254,3
2255,3
2256,3
2257,3
2258,3
2259,3
2260,3
2261,3
2262,3
2263,3
2264,3
2265,3
2266,3
2267,3
2268,3
2269,3
2270,3
2271,3
2272,3
2273,3
2274,3
2275,3
2276,3
2277,3
2278,3
2279,3
2280,3
2281,3
2282,3
2283,3
2284,3
2285,3
2286,3
2287,3
2288,3
2289,3
2290,3
2291,3
2292,3
2293,3
2294,3
2295,3
2296,3
2297,3
2298,3
2299,3
2300,3
2301,3
2302,3
2303,3
2304,3
2305,3
2306,3
2307,3
2308,3
2309,3
2310,3
2311,3
2312,3
2313,3
2314,3
2315,3
2316,3
2317,3
2318,3
2319,3
2320,3
2321,3
2322,3
2323,3
2324,3
2325,3
2326,3
2327,3
2328,3
2329,3
2330,3
2331,3
2332,3
2333,3
2334,3
2335,3
2336,3
2337,3
2338,3
2339,3
2340,3
2341,3
2342,3
2343,3
2344,3
2345,3
2346,3
2347,3
2348,3
2349,3
2350,3
2351,3
2352,3
2353,3
2354,3
2355,3
2356,3
2357,3
2358,3
2359,3
2360,3
2361,3
2362,3
2363,3
2364,3
2365,3
2366,3
2367,3
2368,3
2369,3
2370,3
2371,3
2372,3
2373,3
2374,3
2375,3
2376,3
2377,3
2378,3
2379,3
2380,3
2381,3
2382,3
2383,3
2384,3
2385,3
2386,3
2387,3
2388,3
2389,3
2390,3
2391,3
2392,3
2393,3
2394,3
2395,3
2396,3
2397,3
2398,3
2399,3
2400,3
2401,3
2402,3
2403,3
2404,3
2405,3
2406,3
2407,3
2408,3
2409,3
2410,3
2411,3
2412,3
2413,3
2414,3
2415,3
2416,3
2417,2
2418,2
2419,2
2420,2
2421,2
2422,2
2423,2
2424,2
2425,2
2426,2
2427,2
2428,2
2429,2
2430,2
2431,2
2432,2
2433,2
2434,2
2435,2
2436,2
2437,2
2438,2
2439,2
2440,2
2441,2
2442,2
2443,2
2444,2
2445,1
2446,1
2447,1
2448,1
2449,1
2450,0
2451,0
2452,0
2453,0
2454,0
2455,0
2456,0
2457,0
2458,0
2459,0
2460,0
2461,0
2462,0
2463,0
2464,0
2465,0
2466,0
2467,0
2468,0
2469,0
2470,0
2471,0
2472,0
2473,0
2474,0
2475,0
2476,1
2477,1
2478,2
2479,2
2480,3
2481,3
2482,3
2483,3
2484,3
2485,3
2486,3
2487,3
2488,3
2489,3
2490,3
2491,3
2492,3
2493,3
2494,3
2495,3
2496,3
2497,3
2498,3
2499,3
2500,3
2501,3
2502,3
2503,2
2504,2
2505,2
2506,2
2507,1
2508,1
2509,1
2510,0
2511,0
2512,0
2513,0
2514,0
2515,0
2516,0
2517,0
2518,0
2519,0
2520,0
2521,0
2522,0
2523,0
2524,0
2525,0
2526,0
2527,0
2528,0
2529,0
2530,0
2531,0
2532,0
2533,0
2534,0
2535,0
2536,0
2537,0
2538,0
2539,0
2540,0
2541,0
2542,0
2543,0
2544,0
2545,0
2546,0
2547,0
2548,0
2549,0
2550,0
2551,0
2552,0
2553,0
2554,0
2555,0
2556,0
2557,0
2558,0
2559,0
2560,0
2561,0
2562,0
2563,0
2564,0
2565,0
2566,1
2567,2
2568,3
2569,3
2570,3
2571,2
2572,2
2573,2
2574,1
2575,1
2576,0
2577,0
2578,0
2579,0
2580,0
2581,0
2582,0
2583,0
2584,0
2585,0
2586,0
2587,0
2588,0
2589,0
2590,0
2591,0
2592,0
2593,0
2594,0
2595,0
2596,0
2597,0
2598,0
2599,0
2600,0
2601,0
2602,0
2603,0
2604,0
2605,0
2606,0
2607,0
2608,0
2609,0
2610,0
2611,0
2612,0
2613,0
2614,0
2615,0
2616,0
2617,0
2618,0
2619,0
2620,0
2621,0
2622,0
2623,0
2624,0
2625,0
2626,0
2627,0
2628,0
2629,0
2630,0
2631,0
2632,0
2633,0
2634,0
2635,0
2636,1
2637,1
2638,1
2639,1
2640,1
2641,1
2642,1
2643,1
2644,1
2645,1
2646,1
2647,1
2648,1
2649,1
2650,2
2651,3
2652,3
2653,3
2654,3
2655,3
2656,3
2657,3
2658,3
2659,2
2660,2
2661,2
2662,2
2663,2
2664,2
2665,2
2666,2
2667,2
2668,2
2669,2
2670,2
2671,2
2672,1
2673,1
2674,0
2675,0
2676,0
2677,0
2678,0
2679,0
2680,0
2681,0
2682,1
2683,1
2684,2
2685,2
2686,2
2687,3
2688,3
2689,3
2690,3
2691,3
2692,3
2693,3
2694,3
2695,3
2696,3
2697,3
2698,3
2699,3
2700,3
2701,3
2702,3
2703,3
2704,3
2705,3
2706,3
2707,3
2708,3
2709,3
2710,3
2711,3
2712,3
2713,3
2714,3
2715,3
2716,3
2717,3
2718,3
2719,3
2720,3
2721,3
2722,3
2723,3
2724,3
2725,3
2726,3
2727,3
2728,3
2729,3
2730,3
2731,3
2732,3
2733,3
2734,3
2735,3
2736,3
2737,3
2738,3
2739,3
2740,3
2741,3
2742,3
2743,3
2744,3
2745,3
2746,3
2747,3
2748,3
2749,3
2750,3
2751,3
2752,3
2753,3
2754,3
2755,3
2756,3
2757,3
2758,3
2759,3
2760,3
2761,3
2762,3
2763,3
2764,3
2765,3
2766,3
2767,3
2768,3
2769,3
2770,3
2771,3
2772,3
2773,3
2774,3
2775,3
2776,3
2777,3
2778,3
2779,3
2780,3
2781,3
2782,3
2783,3
2784,3
2785,3
2786,3
2787,3
2788,3
2789,3
2790,3
2791,3
2792,3
2793,3
2794,3
2795,3
2796,3
2797,3
2798,3
2799,3
2800,3
2801,3
2802,3
2803,3
2804,3
2805,3
2806,3
2807,3
2808,3
2809,3
2810,3
2811,3
2812,3
2813,3
2814,3
2815,3
2816,3
2817,3
2818,3
2819,3
2820,3
2821,3
2822,3
2823,3
2824,3
2825,3
2826,3
2827,3
2828,3
2829,3
2830,3
2831,3
2832,3
2833,3
2834,3
2835,3
2836,3
2837,3
2838,3
2839,3
2840,3
2841,3
2842,3
2843,3
2844,3
2845,3
2846,3
2847,3
2848,3
2849,3
2850,3
2851,3
2852,3
2853,3
2854,3
2855,3
2856,3
2857,3
2858,3
2859,3
2860,3
2861,3
2862,3
2863,3
2864,3
2865,3
2866,3
2867,3
2868,3
2869,3
2870,3
2871,3
2872,3
2873,3
2874,3
2875,3
2876,3
2877,3
2878,3
2879,3
2880,3
2881,3
2882,3
2883,3
2884,3
2885,3
2886,3
2887,3
2888,3
2889,3
2890,3
2891,3
2892,3
2893,3
2894,3
2895,3
2896,3
2897,3
2898,3
2899,3
2900,3
2901,3
2902,3
2903,3
2904,3
2905,3
2906,3
2907,3
2908,3
2909,3
2910,3
2911,3
2912,3
2913,3
2914,3
2915,3
2916,3
2917,3
2918,3
2919,3
2920,3
2921,3
2922,3
2923,3
2924,3
2925,3
2926,3
2927,3
2928,3
2929,3
2930,3
2931,3
2932,3
2933,3
2934,3
2935,3
2936,3
2937,3
2938,3
2939,3
2940,3
2941,3
2942,3
2943,3
2944,3
2945,3
2946,3
2947,3
2948,3
2949,3
2950,3
2951,3
2952,3
2953,3
2954,3
2955,3
2956,3
2957,3
2958,3
2959,3
2960,3
2961,3
2962,3
2963,3
2964,3
2965,3
2966,3
2967,3
2968,3
2969,3
2970,3
2971,3
2972,3
2973,3
2974,3
2975,3
2976,3
2977,3
2978,3
2979,3
2980,3
2981,3
2982,3
2983,3
2984,3
2985,3
2986,3
2987,3
2988,3
2989,3
2990,3
2991,3
2992,3
2993,3
2994,3
2995,3
2996,3
2997,3
2998,3
2999,3
3000,3
3001,3
3002,3
3003,3
3004,3
3005,3
3006,3
3007,3
3008,3
3009,3
3010,3
3011,3
3012,3
3013,3
3014,3
3015,3
3016,3
3017,3
3018,3
3019,3
3020,3
3021,3
3022,3
3023,3
3024,3
3025,3
3026,3
3027,3
3028,3
3029,3
3030,3
3031,3
3032,3
3033,3
3034,3
3035,3
3036,3
3037,3
3038,3
3039,3
3040,3
3041,3
3042,3
3043,3
3044,3
3045,3
3046,3
3047,3
3048,3
3049,3
3050,3
3051,3
3052,3
3053,3
3054,3
3055,3
3056,3
3057,3
3058,3
3059,3
3060,3
3061,3
3062,3
3063,3
3064,3
3065,3
3066,3
3067,3
3068,3
3069,3
3070,3
3071,3
3072,3
3073,3
3074,3
3075,3
3076,3
3077,3
3078,3
3079,3
3080,3
3081,3
3082,3
3083,3
3084,3
3085,3
3086,3
3087,3
3088,3
3089,3
3090,3
3091,3
3092,3
3093,3
3094,3
3095,3
3096,3
3097,3
3098,3
3099,3
3100,3
3101,3
3102,3
3103,3
3104,3
3105,3
3106,3
3107,3
3108,3
3109,3
3110,3
3111,3
3112,3
3113,3
3114,3
3115,3
3116,3
3117,3
3118,3
3119,3
3120,3
3121,3
3122,3
3123,3
3124,3
3125,3
3126,3
3127,3
3128,3
3129,3
3130,3
3131,3
3132,3
3133,3
3134,3
3135,3
3136,3
3137,3
3138,3
3139,3
3140,3
3141,3
3142,3
3143,3
3144,3
3145,3
3146,3
3147,3
3148,3
3149,3
3150,3
3151,3
3152,3
3153,3
3154,3
3155,3
3156,3
3157,3
3158,3
3159,3
3160,3
3161,3
3162,3
3163,3
3164,3
3165,3
3166,3
3167,3
3168,3
3169,3
3170,3
3171,3
3172,3
3173,3
3174,3
3175,3
3176,3
3177,3
3178,3
3179,3
3180,3
3181,3
3182,3
3183,3
3184,3
3185,3
3186,3
3187,3
3188,3
3189,3
3190,3
3191,3
3192,3
3193,3
3194,3
3195,3
3196,3
3197,3
3198,3
3199,3
3200,3
3201,3
3202,3
3203,3
3204,3
3205,3
3206,3
3207,3
3208,3
3209,3
3210,3
3211,3
3212,3
3213,3
3214,3
3215,3
3216,3
3217,3
3218,3
3219,3
3220,3
3221,3
3222,3
3223,2
3224,2
3225,2
3226,1
3227,1
3228,1
3229,1
3230,1
3231,0
3232,0
3233,0
3234,0
3235,0
3236,0
3237,0
3238,0
3239,0
3240,0
3241,0
3242,0
3243,0
3244,0
3245,0
3246,0
3247,0
3248,0
3249,0
3250,0
3251,0
3252,0
3253,1
3254,1
3255,1
3256,1
3257,1
3258,1
3259,1
3260,1
3261,1
3262,1
3263,1
3264,0
3265,0
3266,0
3267,0
3268,0
3269,0
3270,0
3271,0
3272,0
3273,0
3274,0
3275,0
3276,0
3277,0
3278,0
3279,0
3280,0
3281,0
3282,0
3283,0
3284,0
3285,0
3286,0
3287,0
3288,0
3289,0
3290,0
3291,0
3292,0
3293,0
3294,0
3295,0
3296,0
3297,0
3298,0
3299,0
3300,0
3301,0
3302,0
3303,0
3304,0
3305,0
3306,0
3307,0
3308,0
3309,0
3310,0
3311,0
3312,0
3313,0
3314,0
3315,0
3316,0
3317,0
3318,0
3319,0
3320,0
3321,0
3322,0
3323,0
3324,0
3325,0
3326,0
3327,0
3328,0
3329,0
3330,0
3331,1
3332,1
3333,1
3334,1
3335,1
3336,1
3337,1
3338,1
3339,1
3340,1
3341,0
3342,0
3343,0
3344,0
3345,0
3346,0
3347,0
3348,0
3349,0
3350,0
3351,0
3352,0
3353,0
3354,0
3355,0
3356,0
3357,0
3358,0
3359,0
3360,0
3361,0
3362,0
3363,0
3364,0
3365,0
3366,0
3367,0
3368,0
3369,0
3370,0
3371,0
3372,0
3373,0
3374,0
3375,0
3376,0
3377,0
3378,0
3379,0
3380,0
3381,0
3382,0
3383,0
3384,0
3385,0
3386,0
3387,0
3388,0
3389,0
3390,0
3391,0
3392,0
3393,0
3394,0
3395,0
3396,0
3397,0
3398,0
3399,0
3400,0
3401,0
3402,0
3403,0
3404,0
3405,0
3406,0
3407,0
3408,0
3409,0
3410,0
3411,0
3412,0
3413,0
3414,0
3415,0
3416,0
3417,0
3418,0
3419,0
3420,0
3421,0
3422,0
3423,0
3424,0
3425,0
3426,0
3427,0
3428,0
3429,0
3430,0
3431,0
3432,0
3433,0
3434,0
3435,0
3436,0
3437,0
3438,0
3439,0
3440,0
3441,0
3442,0
3443,0
3444,0
3445,0
3446,0
3447,0
3448,0
3449,0
3450,0
3451,0
3452,0
3453,0
3454,0
3455,0
3456,0
3457,0
3458,0
3459,0
3460,0
3461,0
3462,0
3463,0
3464,0
3465,0
3466,0
3467,0
3468,0
3469,0
3470,0
3471,0
3472,0
3473,0
3474,0
3475,0
3476,0
3477,0
3478,0
3479,0
3480,0
3481,0
3482,0
3483,0
3484,0
3485,0
3486,0
3487,0
3488,0
3489,0
3490,0
3491,0
3492,0
3493,0
3494,0
3495,0
3496,0
3497,0
3498,0
3499,0
3500,0
3501,0
3502,0
3503,0
3504,0
3505,0
3506,0
3507,0
3508,0
3509,0
3510,0
3511,0
3512,0
3513,0
3514,0
3515,0
3516,0
3517,0
3518,0
3519,0
3520,0
3521,0
3522,0
3523,0
3524,0
3525,0
3526,0
3527,0
3528,0
3529,0
3530,0
3531,0
3532,0
3533,0
3534,0
3535,0
3536,0
3537,0
3538,0
3539,0
3540,0
3541,0
3542,0
3543,0
3544,0
3545,0
3546,0
3547,0
3548,0
3549,0
3550,0
3551,0
3552,0
3553,0
3554,0
3555,0
3556,0
3557,0
3558,0
3559,0
3560,0
3561,0
3562,0
3563,0
3564,0
3565,0
3566,0
3567,0
3568,0
3569,0
3570,0
3571,0
3572,0
3573,0
3574,0
3575,0
3576,0
3577,0
3578,0
3579,0
3580,0
3581,0
3582,0
3583,0
3584,0
3585,0
3586,0
3587,0
3588,0
3589,0
3590,0
3591,0
3592,0
3593,0
3594,0
3595,0
3596,0
3597,0
3598,0
3599,0
3600,0
3601,0
3602,0
3603,0
3604,0
3605,0
3606,0
3607,0
3608,0
3609,0
3610,0
3611,0
3612,0
3613,0
3614,0
3615,0
3616,0
3617,0
3618,0
3619,0
3620,0
3621,0
3622,0
3623,0
3624,0
3625,0
3626,0
3627,0
3628,0
3629,0
3630,0
3631,0
3632,0
3633,0
3634,0
3635,0
3636,0
3637,0
3638,0
3639,0
3640,0
3641,0
3642,0
3643,0
3644,0
3645,0
3646,0
3647,0
3648,0
3649,0
3650,0
3651,0
3652,0
3653,0
3654,0
3655,0
3656,0
3657,0
3658,0
3659,0
3660,0
3661,0
3662,0
3663,0
3664,0
3665,0
3666,0
3667,0
3668,0
3669,0
3670,0
3671,0
3672,0
3673,0
3674,0
3675,0
3676,0
3677,0
3678,0
3679,0
3680,0
3681,0
3682,0
3683,0
3684,0
3685,0
3686,0
3687,0
3688,0
3689,0
3690,0
3691,0
3692,0
3693,0
3694,0
3695,0
3696,0
3697,0
3698,0
3699,0
3700,0
3701,0
3702,0
3703,0
3704,0
3705,0
3706,0
3707,0
3708,0
3709,0
3710,0
3711,0
3712,0
3713,0
3714,0
3715,0
3716,0
3717,0
3718,0
3719,0
3720,0
3721,0
3722,0
3723,0
3724,0
3725,0
3726,0
3727,0
3728,0
3729,0
3730,0
3731,0
3732,0
3733,0
3734,0
3735,0
3736,0
3737,0
3738,0
3739,0
3740,0
3741,0
3742,0
3743,0
3744,0
3745,0
3746,0
3747,0
3748,0
3749,0
3750,0
3751,0
3752,0
3753,0
3754,0
3755,0
3756,0
3757,0
3758,0
3759,0
3760,0
3761,0
3762,0
3763,0
3764,0
3765,0
3766,0
3767,0
3768,0
3769,0
3770,0
3771,0
3772,0
3773,0
3774,0
3775,0
3776,0
3777,0
3778,0
3779,0
3780,0
3781,0
3782,0
3783,0
3784,0
3785,0
3786,0
3787,0
3788,0
3789,0
3790,0
3791,0
3792,0
3793,0
3794,0
3795,0
3796,0
3797,0
3798,0
3799,0
3800,0
3801,0
3802,0
3803,0
3804,0
3805,0
3806,0
3807,0
3808,0
3809,0
3810,0
3811,0
3812,0
3813,0
3814,0
3815,0
3816,0
3817,0
3818,0
3819,0
3820,0
3821,0
3822,0
3823,0
3824,0
3825,0
3826,0
3827,0
3828,0
3829,0
3830,0
3831,0
3832,0
3833,0
3834,0
3835,0
3836,0
3837,0
3838,0
3839,0
3840,0
3841,0
3842,0
3843,0
3844,0
3845,0
3846,0
3847,0
3848,0
3849,0
3850,0
3851,0
3852,0
3853,0
3854,0
3855,0
3856,0
3857,0
3858,0
3859,0
3860,0
3861,0
3862,0
3863,0
3864,0
3865,0
3866,0
3867,0
3868,0
3869,0
3870,0
3871,0
3872,0
3873,0
3874,0
3875,0
3876,0
3877,0
3878,0
3879,0
3880,0
3881,0
3882,0
3883,0
3884,0
3885,0
3886,0
3887,0
3888,0
3889,0
3890,0
3891,0
3892,0
3893,0
3894,0
3895,0
3896,0
3897,0
3898,0
3899,0
3900,0
3901,0
3902,0
3903,0
3904,0
3905,0
3906,0
3907,0
3908,0
3909,0
3910,0
3911,0
3912,0
3913,0
3914,0
3915,0
3916,0
3917,0
3918,0
3919,0
3920,0
3921,0
3922,0
3923,0
3924,0
3925,0
3926,0
3927,0
3928,0
3929,0
3930,0
3931,0
3932,0
3933,0
3934,0
3935,0
3936,0
3937,0
3938,0
3939,0
3940,0
3941,0
3942,0
3943,0
3944,0
3945,0
3946,0
3947,0
3948,0
3949,0
3950,0
3951,0
3952,0
3953,0
3954,0
3955,0
3956,0
3957,0
3958,0
3959,0
3960,0
3961,0
3962,0
3963,0
3964,0
3965,0
3966,0
3967,0
3968,0
3969,0
3970,0
3971,0
3972,0
3973,0
3974,0
3975,0
3976,0
3977,0
3978,0
3979,0
3980,0
3981,0
3982,0
3983,0
3984,0
3985,0
3986,0
3987,0
3988,0
3989,0
3990,0
3991,0
3992,0
3993,0
3994,0
3995,0
3996,0
3997,0
3998,0
3999,0
4000,0
4001,0
4002,0
4003,0
4004,0
4005,0
4006,0
4007,0
4008,0
4009,0
4010,0
4011,0
4012,0
4013,0
4014,0
4015,0
4016,0
4017,0
4018,0
4019,0
4020,0
4021,0
4022,0
4023,0
4024,0
4025,0
4026,0
4027,0
4028,0
4029,0
4030,0
4031,0
4032,0
4033,0
4034,0
4035,0
4036,0
4037,0
4038,0
4039,0
4040,0
4041,0
4042,0
4043,0
4044,0
4045,0
4046,0
4047,0
4048,0
4049,0
4050,0
4051,0
4052,0
4053,0
4054,0
4055,0
4056,0
4057,0
4058,0
4059,0
4060,1
4061,2
4062,2
4063,3
4064,3
4065,3
4066,3
4067,3
4068,3
4069,3
4070,3
4071,3
4072,3
4073,3
4074,3
4075,3
4076,3
4077,3
4078,3
4079,3
4080,3
4081,3
4082,3
4083,3
4084,3
4085,3
4086,3
4087,3
4088,3
4089,3
4090,3
4091,3
4092,3
4093,3
4094,3
4095,3
4096,3
4097,3
4098,3
4099,3
4100,3
4101,3
4102,3
4103,3
4104,3
4105,3
4106,3
4107,3
4108,3
4109,3
4110,3
4111,3
4112,3
4113,3
4114,3
4115,3
4116,3
4117,3
4118,3
4119,3
4120,3
4121,3
4122,3
4123,3
4124,3
4125,3
4126,3
4127,3
4128,3
4129,3
4130,3
4131,3
4132,3
4133,3
4134,3
4135,3
4136,3
4137,3
4138,3
4139,3
4140,3
4141,3
4142,3
4143,3
4144,3
4145,3
4146,3
4147,3
4148,3
4149,3
4150,3
4151,3
4152,3
4153,3
4154,3
4155,3
4156,3
4157,3
4158,3
4159,3
4160,3
4161,3
4162,3
4163,3
4164,3
4165,3
4166,3
4167,3
4168,3
4169,3
4170,3
4171,3
4172,3
4173,3
4174,3
4175,3
4176,3
4177,3
4178,3
4179,3
4180,3
4181,3
4182,3
4183,3
4184,3
4185,3
4186,3
4187,3
4188,3
4189,3
4190,3
4191,3
4192,3
4193,3
4194,3
4195,3
4196,3
4197,3
4198,3
4199,3
4200,3
4201,3
4202,3
4203,3
4204,3
4205,3
4206,3
4207,3
4208,3
4209,3
4210,3
4211,3
4212,3
4213,3
4214,3
4215,3
4216,3
4217,3
4218,3
4219,3
4220,3
4221,3
4222,3
4223,3
4224,3
4225,3
4226,3
4227,3
4228,3
4229,3
4230,3
4231,3
4232,3
4233,3
4234,3
4235,3
4236,3
4237,3
4238,3
4239,3
4240,3
4241,3
4242,3
4243,3
4244,3
4245,3
4246,3
4247,3
4248,3
4249,3
4250,3
4251,3
4252,3
4253,3
4254,3
4255,3
4256,3
4257,3
4258,3
4259,3
4260,3
4261,3
4262,3
4263,3
4264,3
4265,3
4266,3
4267,3
4268,3
4269,3
4270,3
4271,3
4272,3
4273,3
4274,3
4275,3
4276,3
4277,3
4278,3
4279,3
4280,3
4281,3
4282,3
4283,3
4284,3
4285,3
4286,3
4287,3
4288,3
4289,3
4290,3
4291,3
4292,3
4293,3
4294,3
4295,3
4296,3
4297,3
4298,3
4299,3
4300,3
4301,3
4302,3
4303,3
4304,3
4305,3
4306,3
4307,3
4308,3
4309,3
4310,3
4311,3
4312,3
4313,3
4314,3
4315,3
4316,3
4317,3
4318,3
4319,3
4320,3
4321,3
4322,3
4323,3
4324,3
4325,3
4326,3
4327,3
4328,3
4329,3
4330,3
4331,3
4332,3
4333,3
4334,3
4335,3
4336,3
4337,3
4338,3
4339,3
4340,3
4341,3
4342,3
4343,3
4344,3
4345,3
4346,3
4347,3
4348,3
4349,3
4350,3
4351,3
4352,3
4353,3
4354,3
4355,3
4356,3
4357,3
4358,3
4359,3
4360,3
4361,3
4362,3
4363,3
4364,3
4365,3
4366,3
4367,3
4368,3
4369,3
4370,3
4371,3
4372,3
4373,3
4374,3
4375,3
4376,3
4377,3
4378,3
4379,3
4380,3
4381,3
4382,3
4383,3
4384,3
4385,3
4386,3
4387,3
4388,3
4389,3
4390,3
4391,3
4392,3
4393,3
4394,3
4395,3
4396,3
4397,3
4398,3
4399,3
4400,3
4401,3
4402,3
4403,3
4404,3
4405,3
4406,3
4407,3
4408,3
4409,3
4410,3
4411,3
4412,3
4413,3
4414,3
4415,3
4416,3
4417,3
4418,3
4419,3
4420,3
4421,3
4422,3
4423,3
4424,3
4425,3
4426,3
4427,3
4428,3
4429,3
4430,3
4431,3
4432,3
4433,3
4434,3
4435,3
4436,3
4437,3
4438,3
4439,3
4440,3
4441,3
4442,3
4443,3
4444,3
4445,3
4446,3
4447,3
4448,3
4449,3
4450,3
4451,3
4452,3
4453,3
4454,3
4455,3
4456,3
4457,3
4458,3
4459,3
4460,3
4461,3
4462,3
4463,3
4464,3
4465,3
4466,3
4467,3
4468,3
4469,3
4470,3
4471,3
4472,3
4473,3
4474,3
4475,3
4476,3
4477,3
4478,3
4479,3
4480,3
4481,3
4482,3
4483,3
4484,3
4485,3
4486,3
4487,3
4488,3
4489,3
4490,3
4491,3
4492,3
4493,3
4494,3
4495,3
4496,3
4497,3
4498,3
4499,3
4500,3
4501,3
4502,3
4503,3
4504,3
4505,3
4506,3
4507,3
4508,3
4509,3
4510,3
4511,3
4512,3
4513,3
4514,3
4515,3
4516,3
4517,3
4518,3
4519,3
4520,3
4521,3
4522,3
4523,3
4524,3
4525,3
4526,3
4527,3
4528,3
4529,3
4530,3
4531,4
4532,4
4533,4
4534,5
4535,5
4536,5
4537,5
4538,5
4539,5
4540,5
4541,5
4542,5
4543,5
4544,5
4545,5
4546,5
4547,5
4548,5
4549,5
4550,5
4551,5
4552,5
4553,5
4554,5
4555,5
4556,5
4557,5
4558,5
4559,5
4560,5
4561,5
4562,5
4563,5
4564,5
4565,5
4566,5
4567,5
4568,5
4569,5
4570,5
4571,5
4572,5
4573,5
4574,5
4575,5
4576,4
4577,4
4578,4
4579,4
4580,4
4581,4
4582,4
4583,4
4584,4
4585,4
4586,4
4587,4
4588,4
4589,3
4590,3
4591,3
4592,3
4593,3
4594,3
4595,3
4596,3
4597,3
4598,3
4599,3
4600,3
4601,3
4602,3
4603,3
4604,3
4605,3
4606,3
4607,3
4608,3
4609,3
4610,3
4611,3
4612,3
4613,3
4614,3
4615,3
4616,3
4617,3
4618,3
4619,3
4620,3
4621,3
4622,3
4623,3
4624,3
4625,3
4626,3
4627,3
4628,3
4629,3
4630,3
4631,3
4632,3
4633,3
4634,3
4635,3
4636,3
4637,3
4638,3
4639,3
4640,3
4641,3
4642,3
4643,3
4644,3
4645,3
4646,3
4647,3
4648,3
4649,3
4650,3
4651,3
4652,3
4653,3
4654,3
4655,3
4656,3
4657,3
4658,3
4659,3
4660,3
4661,3
4662,3
4663,3
4664,3
4665,3
4666,3
4667,3
4668,3
4669,3
4670,3
4671,3
4672,3
4673,3
4674,3
4675,3
4676,3
4677,3
4678,3
4679,3
4680,3
4681,3
4682,3
4683,3
4684,3
4685,3
4686,3
4687,3
4688,3
4689,3
4690,3
4691,3
4692,3
4693,3
4694,3
4695,3
4696,3
4697,3
4698,3
4699,3
4700,3
4701,3
4702,3
4703,3
4704,3
4705,3
4706,3
4707,3
4708,3
4709,3
4710,3
4711,3
4712,3
4713,3
4714,3
4715,3
4716,3
4717,3
4718,3
4719,3
4720,3
4721,3
4722,3
4723,3
4724,3
4725,3
4726,3
4727,4
4728,4
4729,4
4730,4
4731,4
4732,4
4733,4
4734,4
4735,4
4736,4
4737,4
4738,4
4739,4
4740,4
4741,4
4742,4
4743,4
4744,4
4745,4
4746,4
4747,4
4748,4
4749,4
4750,4
4751,4
4752,4
4753,4
4754,4
4755,4
4756,4
4757,4
4758,4
4759,4
4760,4
4761,4
4762,4
4763,4
4764,4
4765,4
4766,4
4767,4
4768,4
4769,4
4770,4
4771,4
4772,4
4773,4
4774,4
4775,4
4776,4
4777,4
4778,4
4779,4
4780,4
4781,4
4782,4
4783,4
4784,4
4785,4
4786,4
4787,4
4788,4
4789,4
4790,4
4791,4
4792,3
4793,3
4794,3
4795,3
4796,3
4797,3
4798,3
4799,3
4800,3
4801,3
4802,3
4803,3
4804,3
4805,3
4806,3
4807,3
4808,3
4809,3
4810,3
4811,3
4812,3
4813,3
4814,3
4815,3
4816,3
4817,3
4818,3
4819,3
4820,3
4821,3
4822,3
4823,3
4824,3
4825,3
4826,3
4827,3
4828,3
4829,3
4830,3
4831,3
4832,3
4833,3
4834,3
4835,3
4836,3
4837,3
4838,3
4839,3
4840,3
4841,3
4842,3
4843,3
4844,3
4845,3
