1,0
2,0
3,0
4,0
5,0
6,0
7,0
8,0
9,0
10,0
11,0
12,0
13,0
14,0
15,0
16,0
17,0
18,0
19,0
20,0
21,0
22,0
23,0
24,0
25,0
26,0
27,0
28,0
29,0
30,0
31,0
32,0
33,0
34,0
35,0
36,0
37,0
38,0
39,0
40,0
41,0
42,0
43,0
44,0
45,0
46,0
47,0
48,0
49,0
50,0
51,0
52,0
53,0
54,0
55,0
56,0
57,0
58,0
59,0
60,0
61,0
62,0
63,0
64,0
65,0
66,0
67,0
68,0
69,0
70,0
71,0
72,0
73,0
74,0
75,0
76,0
77,0
78,0
79,0
80,0
81,0
82,0
83,0
84,0
85,0
86,0
87,0
88,0
89,0
90,0
91,0
92,0
93,0
94,0
95,0
96,0
97,0
98,0
99,0
100,1
101,1
102,2
103,3
104,3
105,3
106,3
107,3
108,3
109,3
110,3
111,3
112,3
113,3
114,3
115,3
116,3
117,3
118,3
119,3
120,3
121,3
122,3
123,3
124,3
125,3
126,2
127,1
128,0
129,0
130,0
131,0
132,0
133,0
134,0
135,0
136,0
137,0
138,0
139,0
140,0
141,0
142,0
143,0
144,0
145,0
146,0
147,0
148,0
149,0
150,0
151,0
152,0
153,0
154,0
155,0
156,0
157,0
158,0
159,0
160,0
161,0
162,0
163,0
164,0
165,0
166,0
167,0
168,0
169,0
170,0
171,0
172,0
173,0
174,0
175,0
176,0
177,0
178,0
179,0
180,0
181,0
182,0
183,0
184,0
185,0
186,0
187,0
188,0
189,0
190,0
191,0
192,0
193,0
194,0
195,0
196,0
197,0
198,0
199,0
200,0
201,0
202,0
203,0
204,0
205,0
206,0
207,0
208,0
209,0
210,0
211,0
212,0
213,0
214,0
215,0
216,0
217,0
218,0
219,0
220,0
221,0
222,0
223,0
224,0
225,0
226,0
227,0
228,0
229,0
230,0
231,0
232,0
233,0
234,0
235,0
236,0
237,0
238,0
239,0
240,0
241,0
242,0
243,0
244,0
245,0
246,0
247,0
248,0
249,0
250,0
251,0
252,0
253,0
254,0
255,0
256,0
257,0
258,0
259,0
260,0
261,0
262,0
263,0
264,0
265,0
266,0
267,0
268,0
269,0
270,0
271,1
272,1
273,1
274,2
275,2
276,2
277,2
278,2
279,2
280,2
281,2
282,2
283,2
284,2
285,2
286,2
287,2
288,2
289,2
290,2
291,2
292,2
293,1
294,1
295,1
296,1
297,1
298,0
299,0
300,0
301,0
302,0
303,0
304,0
305,0
306,0
307,0
308,0
309,0
310,0
311,0
312,0
313,0
314,0
315,0
316,0
317,0
318,0
319,0
320,0
321,0
322,0
323,0
324,0
325,0
326,0
327,0
328,0
329,0
330,0
331,0
332,0
333,0
334,0
335,0
336,0
337,0
338,0
339,0
340,0
341,0
342,0
343,0
344,0
345,0
346,0
347,0
348,0
349,0
350,0
351,0
352,0
353,0
354,0
355,0
356,0
357,0
358,0
359,0
360,0
361,0
362,0
363,0
364,0
365,0
366,0
367,0
368,0
369,0
370,0
371,0
372,0
373,0
374,0
375,0
376,0
377,0
378,0
379,0
380,0
381,0
382,0
383,0
384,0
385,0
386,0
387,0
388,0
389,0
390,0
391,0
392,0
393,0
394,0
395,0
396,0
397,0
398,0
399,0
400,0
401,0
402,0
403,0
404,0
405,0
406,0
407,0
408,0
409,0
410,0
411,0
412,0
413,0
414,0
415,0
416,0
417,0
418,0
419,0
420,0
421,0
422,0
423,0
424,0
425,0
426,0
427,0
428,0
429,0
430,0
431,0
432,0
433,0
434,0
435,0
436,0
437,0
438,0
439,0
440,0
441,0
442,0
443,0
444,0
445,0
446,0
447,0
448,0
449,0
450,0
451,0
452,0
453,0
454,0
455,0
456,0
457,0
458,0
459,0
460,0
461,0
462,0
463,0
464,0
465,0
466,0
467,0
468,0
469,0
470,0
471,0
472,0
473,0
474,0
475,0
476,0
477,0
478,0
479,0
480,0
481,0
482,0
483,0
484,0
485,0
486,0
487,0
488,0
489,0
490,0
491,0
492,0
493,0
494,0
495,0
496,0
497,0
498,0
499,0
500,0
501,0
502,0
503,0
504,0
505,0
506,0
507,0
508,0
509,0
510,0
511,0
512,0
513,0
514,0
515,0
516,0
517,0
518,0
519,0
520,0
521,0
522,0
523,0
524,0
525,0
526,0
527,0
528,0
529,0
530,0
531,0
532,0
533,0
534,0
535,0
536,0
537,0
538,0
539,0
540,0
541,0
542,0
543,0
544,0
545,0
546,0
547,0
548,0
549,0
550,0
551,0
552,0
553,0
554,0
555,0
556,0
557,0
558,0
559,0
560,0
561,0
562,0
563,0
564,0
565,0
566,0
567,0
568,0
569,0
570,0
571,0
572,0
573,0
574,0
575,0
576,0
577,0
578,0
579,0
580,0
581,0
582,0
583,0
584,0
585,0
586,0
587,0
588,0
589,0
590,0
591,0
592,0
593,0
594,0
595,0
596,0
597,0
598,0
599,0
600,0
601,0
602,0
603,0
604,0
605,0
606,0
607,0
608,0
609,0
610,0
611,0
612,0
613,0
614,0
615,0
616,0
617,0
618,0
619,0
620,0
621,0
622,0
623,0
624,0
625,0
626,0
627,0
628,0
629,0
630,0
631,0
632,0
633,0
634,0
635,0
636,0
637,0
638,0
639,0
640,0
641,0
642,0
643,0
644,0
645,0
646,0
647,0
648,0
649,0
650,0
651,0
652,0
653,0
654,0
655,0
656,0
657,0
658,0
659,0
660,0
661,0
662,0
663,0
664,0
665,0
666,0
667,0
668,0
669,0
670,0
671,0
672,0
673,0
674,0
675,0
676,0
677,0
678,0
679,0
680,0
681,0
682,0
683,0
684,0
685,0
686,0
687,0
688,0
689,0
690,0
691,0
692,0
693,0
694,0
695,0
696,0
697,0
698,0
699,0
700,0
701,0
702,0
703,0
704,0
705,0
706,0
707,0
708,0
709,0
710,0
711,0
712,0
713,0
714,0
715,0
716,0
717,0
718,0
719,0
720,0
721,0
722,0
723,0
724,0
725,0
726,0
727,0
728,0
729,0
730,0
731,0
732,0
733,0
734,0
735,0
736,0
737,0
738,0
739,0
740,0
741,0
742,0
743,0
744,0
745,0
746,0
747,0
748,0
749,0
750,0
751,0
752,0
753,0
754,0
755,0
756,0
757,0
758,0
759,0
760,0
761,0
762,0
763,0
764,0
765,0
766,0
767,0
768,0
769,0
770,0
771,0
772,0
773,0
774,0
775,0
776,0
777,0
778,0
779,0
780,0
781,0
782,0
783,0
784,0
785,0
786,0
787,0
788,0
789,0
790,0
791,0
792,0
793,0
794,0
795,0
796,0
797,0
798,0
799,0
800,0
801,0
802,0
803,0
804,0
805,0
806,0
807,0
808,0
809,0
810,0
811,0
812,0
813,0
814,0
815,0
816,0
817,0
818,0
819,0
820,0
821,0
822,0
823,0
824,0
825,0
826,0
827,0
828,0
829,0
830,0
831,0
832,0
833,0
834,0
835,0
836,0
837,0
838,0
839,0
840,0
841,0
842,0
843,0
844,0
845,0
846,0
847,0
848,0
849,1
850,1
851,1
852,1
853,1
854,1
855,1
856,1
857,1
858,1
859,1
860,0
861,0
862,0
863,0
864,0
865,0
866,0
867,0
868,0
869,0
870,0
871,0
872,0
873,0
874,0
875,0
876,0
877,0
878,0
879,0
880,0
881,0
882,0
883,0
884,0
885,0
886,0
887,0
888,0
889,0
890,0
891,0
892,0
893,0
894,0
895,0
896,0
897,0
898,0
899,0
900,0
901,0
902,0
903,0
904,0
905,0
906,0
907,0
908,0
909,0
910,0
911,0
912,0
913,0
914,0
915,0
916,0
917,0
918,0
919,0
920,0
921,0
922,0
923,0
924,0
925,0
926,0
927,0
928,0
929,0
930,0
931,0
932,0
933,0
934,0
935,0
936,0
937,0
938,0
939,0
940,0
941,0
942,0
943,0
944,0
945,1
946,1
947,1
948,1
949,1
950,1
951,1
952,1
953,1
954,1
955,1
956,1
957,2
958,2
959,2
960,2
961,2
962,2
963,2
964,3
965,3
966,3
967,3
968,3
969,3
970,3
971,3
972,3
973,3
974,3
975,3
976,3
977,3
978,3
979,3
980,3
981,3
982,3
983,3
984,3
985,3
986,3
987,3
988,3
989,3
990,3
991,3
992,3
993,3
994,3
995,3
996,3
997,3
998,3
999,3
1000,3
1001,3
1002,3
1003,3
1004,3
1005,3
1006,3
1007,3
1008,3
1009,3
1010,3
1011,3
1012,3
1013,3
1014,3
1015,3
1016,3
1017,3
1018,3
1019,3
1020,3
1021,3
1022,3
1023,3
1024,3
1025,3
1026,3
1027,3
1028,3
1029,3
1030,3
1031,3
1032,3
1033,3
1034,3
1035,3
1036,3
1037,3
1038,3
1039,3
1040,3
1041,3
1042,3
1043,3
1044,3
1045,3
1046,3
1047,3
1048,4
1049,4
1050,4
1051,4
1052,4
1053,4
1054,4
1055,4
1056,4
1057,4
1058,4
1059,4
1060,4
1061,4
1062,4
1063,4
1064,4
1065,4
1066,4
1067,4
1068,4
1069,4
1070,4
1071,4
1072,4
1073,4
1074,4
1075,4
1076,4
1077,4
1078,4
1079,3
1080,3
1081,3
1082,2
1083,2
1084,2
1085,2
1086,0
1087,0
1088,0
1089,0
1090,0
1091,0
1092,0
1093,0
1094,0
1095,0
1096,0
1097,0
1098,0
1099,0
1100,0
1101,0
1102,0
1103,0
1104,0
1105,0
1106,0
1107,0
1108,0
1109,0
1110,0
1111,0
1112,0
1113,0
1114,0
1115,0
1116,0
1117,0
1118,0
1119,0
1120,0
1121,0
1122,0
1123,0
1124,0
1125,0
1126,0
1127,0
1128,0
1129,0
1130,0
1131,0
1132,0
1133,0
1134,0
1135,0
1136,0
1137,0
1138,0
1139,0
1140,0
1141,0
1142,0
1143,0
1144,0
1145,0
1146,0
1147,0
1148,0
1149,0
1150,0
1151,0
1152,0
1153,0
1154,0
1155,0
1156,0
1157,0
1158,0
1159,0
1160,0
1161,0
1162,0
1163,0
1164,0
1165,0
1166,0
1167,0
1168,0
1169,0
1170,0
1171,0
1172,0
1173,0
1174,0
1175,0
1176,0
1177,0
1178,0
1179,0
1180,0
1181,0
1182,0
1183,0
1184,0
1185,0
1186,0
1187,0
1188,0
1189,0
1190,0
1191,0
1192,0
1193,0
1194,0
1195,0
1196,0
1197,0
1198,0
1199,0
1200,0
1201,0
1202,0
1203,0
1204,0
1205,0
1206,0
1207,0
1208,0
1209,0
1210,0
1211,0
1212,0
1213,0
1214,0
1215,0
1216,0
1217,0
1218,0
1219,0
1220,0
1221,0
1222,0
1223,0
1224,0
1225,0
1226,0
1227,0
1228,0
1229,0
1230,0
1231,0
1232,0
1233,0
1234,0
1235,0
1236,0
1237,0
1238,0
1239,0
1240,0
1241,0
1242,0
1243,0
1244,0
1245,0
1246,0
1247,0
1248,0
1249,0
1250,0
1251,0
1252,0
1253,0
1254,0
1255,0
1256,0
1257,0
1258,0
1259,0
1260,0
1261,0
1262,0
1263,0
1264,0
1265,0
1266,0
1267,0
1268,0
1269,0
1270,0
1271,0
1272,0
1273,0
1274,0
1275,0
1276,0
1277,0
1278,0
1279,0
1280,0
1281,0
1282,0
1283,0
1284,0
1285,0
1286,0
1287,0
1288,0
1289,0
1290,0
1291,0
1292,0
1293,0
1294,0
1295,0
1296,0
1297,0
1298,0
1299,0
1300,0
1301,0
1302,0
1303,0
1304,0
1305,0
1306,0
1307,0
1308,0
1309,0
1310,0
1311,0
1312,0
1313,0
1314,0
1315,0
1316,0
1317,0
1318,0
1319,0
1320,0
1321,0
1322,0
1323,0
1324,0
1325,0
1326,0
1327,0
1328,0
1329,0
1330,0
1331,0
1332,0
1333,0
1334,0
1335,0
1336,0
1337,0
1338,0
1339,0
1340,0
1341,0
1342,0
1343,0
1344,0
1345,0
1346,0
1347,0
1348,0
1349,0
1350,0
1351,0
1352,0
1353,0
1354,0
1355,0
1356,0
1357,0
1358,0
1359,0
1360,0
1361,0
1362,0
1363,0
1364,0
1365,0
1366,0
1367,0
1368,0
1369,0
1370,0
1371,0
1372,0
1373,0
1374,0
1375,0
1376,0
1377,0
1378,0
1379,0
1380,0
1381,0
1382,0
1383,0
1384,0
1385,0
1386,0
1387,0
1388,0
1389,0
1390,0
1391,0
1392,0
1393,0
1394,0
1395,0
1396,0
1397,0
1398,0
1399,0
1400,0
1401,0
1402,0
1403,0
1404,0
1405,0
1406,0
1407,0
1408,0
1409,0
1410,0
1411,0
1412,0
1413,0
1414,0
1415,0
1416,0
1417,0
1418,0
1419,0
1420,0
1421,0
1422,0
1423,0
1424,0
1425,0
1426,0
1427,0
1428,0
1429,0
1430,0
1431,0
1432,0
1433,0
1434,0
1435,0
1436,0
1437,0
1438,0
1439,0
1440,0
1441,0
1442,0
1443,0
1444,0
1445,0
1446,0
1447,0
1448,0
1449,0
1450,0
1451,0
1452,0
1453,0
1454,0
1455,0
1456,0
1457,0
1458,0
1459,0
1460,0
1461,0
1462,0
1463,0
1464,0
1465,0
1466,0
1467,0
1468,0
1469,0
1470,0
1471,0
1472,0
1473,0
1474,0
1475,0
1476,0
1477,0
1478,0
1479,0
1480,0
1481,0
1482,0
1483,0
1484,0
1485,0
1486,0
1487,0
1488,0
1489,0
1490,0
1491,0
1492,0
1493,0
1494,0
1495,0
1496,0
1497,0
1498,0
1499,0
1500,0
1501,0
1502,0
1503,0
1504,0
1505,0
1506,0
1507,0
1508,0
1509,0
1510,0
1511,0
1512,0
1513,0
1514,0
1515,0
1516,0
1517,0
1518,0
1519,0
1520,0
1521,0
1522,0
1523,0
1524,0
1525,0
1526,1
1527,1
1528,2
1529,2
1530,2
1531,2
1532,2
1533,3
1534,3
1535,2
1536,2
1537,1
1538,1
1539,0
1540,0
1541,0
1542,0
1543,0
1544,0
1545,0
1546,0
1547,0
1548,0
1549,0
1550,0
1551,0
1552,0
1553,0
1554,0
1555,0
1556,0
1557,0
1558,0
1559,0
1560,0
1561,0
1562,0
1563,0
1564,0
1565,0
1566,0
1567,0
1568,0
1569,0
1570,0
1571,0
1572,0
1573,0
1574,0
1575,0
1576,0
1577,0
1578,0
1579,0
1580,1
1581,2
1582,2
1583,3
1584,3
1585,3
1586,3
1587,3
1588,3
1589,3
1590,3
1591,3
1592,3
1593,3
1594,3
1595,3
1596,3
1597,3
1598,3
1599,3
1600,3
1601,3
1602,3
1603,3
1604,3
1605,3
1606,3
1607,3
1608,2
1609,2
1610,2
1611,1
1612,1
1613,0
1614,0
1615,0
1616,0
1617,0
1618,0
1619,0
1620,0
1621,0
1622,0
1623,0
1624,0
1625,0
1626,0
1627,0
1628,0
1629,0
1630,0
1631,0
1632,0
1633,0
1634,0
1635,0
1636,0
1637,0
1638,0
1639,0
1640,0
1641,0
1642,0
1643,0
1644,0
1645,0
1646,0
1647,0
1648,0
1649,0
1650,0
1651,0
1652,0
1653,0
1654,0
1655,0
1656,0
1657,0
1658,0
1659,0
1660,0
1661,0
1662,0
1663,0
1664,0
1665,0
1666,0
1667,0
1668,0
1669,0
1670,0
1671,0
1672,0
1673,0
1674,0
1675,0
1676,0
1677,0
1678,1
1679,2
1680,3
1681,3
1682,4
1683,4
1684,4
1685,4
1686,4
1687,4
1688,4
1689,4
1690,4
1691,4
1692,4
1693,3
1694,3
1695,3
1696,3
1697,3
1698,3
1699,3
1700,3
1701,3
1702,3
1703,3
1704,3
1705,3
1706,3
1707,3
1708,3
1709,3
1710,3
1711,3
1712,3
1713,3
1714,3
1715,3
1716,2
1717,2
1718,2
1719,2
1720,2
1721,2
1722,2
1723,2
1724,2
1725,1
1726,1
1727,1
1728,0
1729,0
1730,0
1731,0
1732,0
1733,0
1734,0
1735,0
1736,0
1737,0
1738,0
1739,0
1740,0
1741,0
1742,0
1743,0
1744,0
1745,0
1746,0
1747,0
1748,0
1749,1
1750,2
1751,3
1752,2
1753,1
1754,0
1755,0
1756,0
1757,0
1758,0
1759,0
1760,0
1761,0
1762,0
1763,0
1764,0
1765,0
1766,0
1767,0
1768,0
1769,0
1770,0
1771,0
1772,0
1773,0
1774,0
1775,0
1776,0
1777,0
1778,0
1779,0
1780,0
1781,0
1782,0
1783,0
1784,0
1785,0
1786,0
1787,0
1788,0
1789,0
1790,0
1791,0
1792,0
1793,0
1794,0
1795,0
1796,0
1797,0
1798,0
1799,0
1800,0
1801,0
1802,0
1803,0
1804,0
1805,0
1806,0
1807,1
1808,1
1809,1
1810,1
1811,2
1812,2
1813,2
1814,2
1815,2
1816,2
1817,2
1818,3
1819,3
1820,3
1821,3
1822,3
1823,3
1824,3
1825,3
1826,3
1827,3
1828,3
1829,3
1830,3
1831,3
1832,3
1833,3
1834,3
1835,3
1836,3
1837,3
1838,3
1839,3
1840,3
1841,3
1842,3
1843,3
1844,3
1845,3
1846,3
1847,3
1848,3
1849,3
1850,3
1851,3
1852,3
1853,3
1854,3
1855,3
1856,3
1857,3
1858,3
1859,3
1860,3
1861,3
1862,3
1863,3
1864,3
1865,3
1866,3
1867,3
1868,3
1869,3
1870,3
1871,3
1872,3
1873,3
1874,3
1875,3
1876,3
1877,3
1878,3
1879,3
1880,3
1881,3
1882,3
1883,3
1884,3
1885,3
1886,3
1887,3
1888,3
1889,3
1890,3
1891,3
1892,2
1893,2
1894,2
1895,2
1896,1
1897,1
1898,1
1899,0
1900,0
1901,0
1902,0
1903,0
1904,0
1905,0
1906,0
1907,0
1908,0
1909,0
1910,0
1911,0
1912,0
1913,0
1914,0
1915,0
1916,0
1917,0
1918,0
1919,0
1920,0
1921,0
1922,0
1923,0
1924,0
1925,0
1926,0
1927,0
1928,0
1929,0
1930,0
1931,0
1932,0
1933,0
1934,0
1935,0
1936,0
1937,0
1938,0
1939,0
1940,0
1941,0
1942,0
1943,0
1944,0
1945,0
1946,0
1947,0
1948,0
1949,0
1950,0
1951,0
1952,0
1953,0
1954,0
1955,0
1956,0
1957,0
1958,0
1959,0
1960,0
1961,0
1962,0
1963,0
1964,0
1965,0
1966,0
1967,0
1968,0
1969,0
1970,0
1971,0
1972,0
1973,0
1974,0
1975,0
1976,0
1977,0
1978,0
1979,0
1980,0
1981,0
1982,0
1983,0
1984,0
1985,0
1986,0
1987,0
1988,0
1989,0
1990,0
1991,0
1992,0
1993,0
1994,0
1995,0
1996,0
1997,0
1998,0
1999,0
2000,0
2001,0
2002,0
2003,0
2004,0
2005,0
2006,0
2007,0
2008,0
2009,0
2010,0
2011,0
2012,0
2013,0
2014,0
2015,0
2016,0
2017,0
2018,0
2019,0
2020,0
2021,0
2022,0
2023,0
2024,0
2025,0
2026,0
2027,0
2028,0
2029,0
2030,0
2031,0
2032,0
2033,0
2034,0
2035,0
2036,0
2037,0
2038,0
2039,0
2040,0
2041,0
2042,0
2043,0
2044,0
2045,0
2046,0
2047,0
2048,0
2049,0
2050,0
2051,0
2052,0
2053,0
2054,0
2055,0
2056,0
2057,0
2058,0
2059,0
2060,0
2061,0
2062,0
2063,0
2064,0
2065,0
2066,0
2067,0
2068,0
2069,0
2070,0
2071,0
2072,0
2073,0
2074,0
2075,0
2076,0
2077,0
2078,0
2079,0
2080,0
2081,0
2082,0
2083,0
2084,0
2085,0
2086,0
2087,0
2088,0
2089,0
2090,1
2091,1
2092,1
2093,2
2094,2
2095,2
2096,2
2097,2
2098,1
2099,1
2100,1
2101,1
2102,0
2103,0
2104,0
2105,0
2106,0
2107,0
2108,0
2109,0
2110,0
2111,0
2112,0
2113,0
2114,0
2115,0
2116,0
2117,0
2118,0
2119,0
2120,0
2121,0
2122,0
2123,0
2124,0
2125,0
2126,0
2127,0
2128,0
2129,0
2130,0
2131,0
2132,0
2133,0
2134,0
2135,0
2136,0
2137,0
2138,0
2139,0
2140,0
2141,0
2142,0
2143,0
2144,0
2145,0
2146,0
2147,0
2148,0
2149,0
2150,1
2151,1
2152,2
2153,2
2154,2
2155,2
2156,2
2157,2
2158,2
2159,2
2160,2
2161,2
2162,2
2163,2
2164,2
2165,2
2166,2
2167,3
2168,3
2169,3
2170,3
2171,3
2172,3
2173,3
2174,3
2175,3
2176,3
2177,3
2178,3
2179,3
2180,3
2181,3
2182,3
2183,3
2184,3
2185,3
2186,3
2187,3
2188,3
2189,3
2190,3
2191,3
2192,3
2193,3
2194,3
2195,3
2196,3
2197,3
2198,3
2199,3
2200,3
2201,3
2202,2
2203,2
2204,2
2205,2
2206,2
2207,1
2208,1
2209,1
2210,1
2211,0
2212,0
2213,0
2214,0
2215,0
2216,0
2217,0
2218,0
2219,0
2220,0
2221,0
2222,0
2223,0
2224,0
2225,0
2226,0
2227,0
2228,0
2229,0
2230,0
2231,0
2232,0
2233,0
2234,0
2235,0
2236,0
2237,0
2238,0
2239,0
2240,0
2241,0
2242,0
2243,0
2244,0
2245,0
2246,1
2247,1
2248,1
2249,1
2250,1
2251,1
2252,1
2253,1
2254,1
2255,1
2256,1
2257,1
2258,1
2259,1
2260,1
2261,2
2262,2
2263,2
2264,2
2265,2
2266,2
2267,2
2268,2
2269,2
2270,2
2271,2
2272,2
2273,2
2274,2
2275,2
2276,2
2277,2
2278,2
2279,2
2280,2
2281,2
2282,2
2283,2
2284,2
2285,2
2286,2
2287,2
2288,2
2289,2
2290,2
2291,2
2292,2
2293,2
2294,2
2295,2
2296,2
2297,2
2298,2
2299,2
2300,2
2301,2
2302,2
2303,2
2304,2
2305,2
2306,2
2307,2
2308,2
2309,2
2310,2
2311,2
2312,2
2313,2
2314,2
2315,2
2316,2
2317,2
2318,2
2319,2
2320,2
2321,2
2322,2
2323,2
2324,2
2325,2
2326,2
2327,2
2328,2
2329,2
2330,2
2331,2
2332,2
2333,2
2334,2
2335,2
2336,2
2337,2
2338,2
2339,2
2340,2
2341,2
2342,2
2343,2
2344,2
2345,2
2346,2
2347,2
2348,2
2349,2
2350,2
2351,2
2352,2
2353,2
2354,2
2355,2
2356,2
2357,2
2358,2
2359,2
2360,2
2361,2
2362,2
2363,2
2364,2
2365,2
2366,2
2367,2
2368,2
2369,2
2370,2
2371,2
2372,2
2373,2
2374,2
2375,2
2376,2
2377,2
2378,2
2379,2
2380,2
2381,2
2382,2
2383,2
2384,2
2385,2
2386,2
2387,2
2388,3
2389,3
2390,3
2391,3
2392,3
2393,3
2394,3
2395,3
2396,3
2397,3
2398,3
2399,3
2400,3
2401,3
2402,3
2403,3
2404,3
2405,3
2406,3
2407,3
2408,3
2409,2
2410,2
2411,2
2412,2
2413,1
2414,1
2415,1
2416,1
2417,0
2418,0
2419,0
2420,0
2421,0
2422,0
2423,0
2424,0
2425,0
2426,0
2427,0
2428,0
2429,0
2430,0
2431,0
2432,0
2433,0
2434,0
2435,0
2436,0
2437,0
2438,0
2439,0
2440,0
2441,0
2442,0
2443,0
2444,0
2445,0
2446,0
2447,0
2448,0
2449,0
2450,0
2451,0
2452,0
2453,0
2454,0
2455,0
2456,0
2457,0
2458,0
2459,0
2460,0
2461,0
2462,0
2463,0
2464,0
2465,0
2466,0
2467,0
2468,0
2469,0
2470,0
2471,0
2472,0
2473,0
2474,0
2475,0
2476,0
2477,0
2478,0
2479,0
2480,0
2481,0
2482,0
2483,0
2484,0
2485,0
2486,0
2487,0
2488,0
2489,0
2490,0
2491,0
2492,0
2493,0
2494,0
2495,0
2496,0
2497,0
2498,0
2499,0
2500,0
2501,0
2502,0
2503,0
2504,0
2505,0
2506,0
2507,0
2508,0
2509,0
2510,0
2511,0
2512,0
2513,0
2514,0
2515,0
2516,0
2517,0
2518,0
2519,0
2520,0
2521,0
2522,0
2523,0
2524,0
2525,0
2526,0
2527,0
2528,0
2529,0
2530,0
2531,0
2532,0
2533,0
2534,0
2535,0
2536,0
2537,0
2538,0
2539,0
2540,0
2541,0
2542,0
2543,0
2544,0
2545,0
2546,0
2547,0
2548,0
2549,0
2550,0
2551,0
2552,0
2553,0
2554,0
2555,0
2556,0
2557,0
2558,0
2559,0
2560,0
2561,0
2562,0
2563,0
2564,0
2565,0
2566,0
2567,0
2568,0
2569,0
2570,0
2571,0
2572,0
2573,0
2574,0
2575,0
2576,0
2577,0
2578,0
2579,0
2580,0
2581,0
2582,0
2583,0
2584,0
2585,0
2586,0
2587,0
2588,0
2589,0
2590,0
2591,0
2592,0
2593,0
2594,0
2595,0
2596,0
2597,0
2598,0
2599,0
2600,0
2601,0
2602,0
2603,0
2604,0
2605,0
2606,0
2607,0
2608,0
2609,0
2610,0
2611,0
2612,0
2613,0
2614,0
2615,0
2616,0
2617,0
2618,0
2619,0
2620,0
2621,0
2622,0
2623,0
2624,0
2625,0
2626,0
2627,0
2628,0
2629,0
2630,0
2631,0
2632,0
2633,0
2634,0
2635,0
2636,0
2637,0
2638,0
2639,0
2640,0
2641,0
2642,0
2643,0
2644,0
2645,0
2646,0
2647,0
2648,0
2649,0
2650,1
2651,1
2652,1
2653,1
2654,1
2655,1
2656,1
2657,2
2658,2
2659,2
2660,2
2661,2
2662,3
2663,3
2664,3
2665,3
2666,3
2667,3
2668,3
2669,3
2670,3
2671,3
2672,3
2673,3
2674,4
2675,4
2676,4
2677,4
2678,5
2679,5
2680,5
2681,5
2682,5
2683,5
2684,4
2685,4
2686,4
2687,4
2688,4
2689,4
2690,4
2691,4
2692,4
2693,4
2694,4
2695,4
2696,4
2697,4
2698,4
2699,4
2700,4
2701,4
2702,4
2703,4
2704,4
2705,4
2706,4
2707,4
2708,4
2709,4
2710,4
2711,4
2712,4
2713,4
2714,4
2715,4
2716,4
2717,4
2718,4
2719,4
2720,4
2721,4
2722,4
2723,4
2724,4
2725,4
2726,4
2727,4
2728,4
2729,4
2730,4
2731,4
2732,4
2733,4
2734,4
2735,4
2736,4
2737,4
2738,4
2739,4
2740,4
2741,4
2742,4
2743,4
2744,4
2745,4
2746,4
2747,4
2748,4
2749,4
2750,4
2751,4
2752,4
2753,4
2754,4
2755,4
2756,4
2757,4
2758,4
2759,4
2760,4
2761,4
2762,4
2763,4
2764,4
2765,4
2766,4
2767,4
2768,4
2769,4
2770,4
2771,4
2772,4
2773,4
2774,4
2775,4
2776,4
2777,4
2778,4
2779,4
2780,4
2781,4
2782,4
2783,4
2784,4
2785,4
2786,4
2787,4
2788,4
2789,4
2790,4
2791,4
2792,4
2793,4
2794,4
2795,4
2796,4
2797,4
2798,4
2799,4
2800,4
2801,4
2802,4
2803,4
2804,4
2805,4
2806,4
2807,4
2808,4
2809,4
2810,4
2811,4
2812,4
2813,4
2814,4
2815,4
2816,4
2817,4
2818,4
2819,4
2820,4
2821,4
2822,4
2823,4
2824,4
2825,3
2826,3
2827,3
2828,3
2829,3
2830,3
2831,3
2832,3
2833,3
2834,3
2835,3
2836,3
2837,3
2838,3
2839,3
2840,3
2841,3
2842,3
2843,3
2844,3
2845,3
2846,3
2847,3
2848,3
2849,3
2850,3
2851,3
2852,3
2853,3
2854,3
2855,3
2856,3
2857,3
2858,3
2859,3
2860,3
2861,3
2862,3
2863,3
2864,3
2865,3
2866,3
2867,3
2868,3
2869,3
2870,3
2871,3
2872,3
2873,3
2874,3
2875,3
2876,3
2877,3
2878,3
2879,3
2880,3
2881,3
2882,3
2883,3
2884,3
2885,3
2886,3
2887,3
2888,3
2889,3
2890,3
2891,3
2892,3
2893,3
2894,3
2895,3
2896,3
2897,3
2898,3
2899,3
2900,3
2901,3
2902,3
2903,3
2904,3
2905,3
2906,3
2907,3
2908,3
2909,3
2910,3
2911,3
2912,3
2913,3
2914,3
2915,3
2916,3
2917,3
2918,3
2919,3
2920,3
2921,3
2922,3
2923,3
2924,3
2925,3
2926,3
2927,3
2928,3
2929,3
2930,3
2931,3
2932,3
2933,3
2934,3
2935,3
2936,3
2937,3
2938,3
2939,3
2940,3
2941,3
2942,3
2943,3
2944,3
2945,3
2946,3
2947,3
2948,3
2949,3
2950,3
2951,3
2952,3
2953,3
2954,3
2955,3
2956,3
2957,3
2958,3
2959,3
2960,3
2961,3
2962,3
2963,3
2964,3
2965,3
2966,3
2967,3
2968,3
2969,3
2970,3
2971,3
2972,3
2973,3
2974,3
2975,3
2976,3
2977,3
2978,3
2979,3
2980,3
2981,3
2982,3
2983,3
2984,3
2985,3
2986,3
2987,3
2988,3
2989,3
2990,3
2991,3
2992,3
2993,3
2994,3
2995,3
2996,3
2997,3
2998,3
2999,3
3000,3
3001,3
3002,3
3003,3
3004,3
3005,3
3006,3
3007,3
3008,3
3009,3
3010,3
3011,3
3012,3
3013,3
3014,3
3015,3
3016,3
3017,3
3018,3
3019,3
3020,3
3021,3
3022,3
3023,3
3024,3
3025,3
3026,3
3027,3
3028,3
3029,3
3030,3
3031,3
3032,3
3033,3
3034,3
3035,3
3036,3
3037,3
3038,3
3039,3
3040,3
3041,3
3042,3
3043,3
3044,3
3045,3
3046,3
3047,3
3048,3
3049,3
3050,3
3051,3
3052,3
3053,3
3054,3
3055,3
3056,3
3057,3
3058,3
3059,3
3060,3
3061,3
3062,3
3063,3
3064,3
3065,3
3066,3
3067,3
3068,3
3069,3
3070,3
3071,3
3072,3
3073,3
3074,3
3075,3
3076,3
3077,3
3078,3
3079,3
3080,3
3081,3
3082,3
3083,3
3084,3
3085,3
3086,3
3087,3
3088,3
3089,3
3090,3
3091,3
3092,3
3093,3
3094,3
3095,3
3096,3
3097,3
3098,3
3099,3
3100,3
3101,3
3102,3
3103,3
3104,3
3105,3
3106,3
3107,3
3108,3
3109,3
3110,3
3111,3
3112,3
3113,3
3114,3
3115,3
3116,3
3117,3
3118,3
3119,3
3120,3
3121,3
3122,3
3123,3
3124,3
3125,3
3126,3
3127,3
3128,3
3129,3
3130,3
3131,3
3132,3
3133,3
3134,3
3135,3
3136,3
3137,3
3138,3
3139,3
3140,3
3141,3
3142,3
3143,3
3144,3
3145,3
3146,3
3147,3
3148,3
3149,3
3150,3
3151,3
3152,3
3153,3
3154,3
3155,3
3156,3
3157,3
3158,3
3159,3
3160,3
3161,3
3162,3
3163,3
3164,3
3165,3
3166,3
3167,3
3168,3
3169,3
3170,3
3171,3
3172,3
3173,3
3174,3
3175,3
3176,3
3177,3
3178,3
3179,3
3180,3
3181,3
3182,3
3183,3
3184,3
3185,3
3186,3
3187,3
3188,3
3189,3
3190,4
3191,4
3192,4
3193,4
3194,4
3195,4
3196,4
3197,4
3198,4
3199,4
3200,4
3201,4
3202,4
3203,4
3204,4
3205,4
3206,4
3207,4
3208,4
3209,4
3210,4
3211,4
3212,4
3213,4
3214,4
3215,4
3216,4
3217,4
3218,4
3219,4
3220,4
3221,4
3222,3
3223,3
3224,3
3225,3
3226,3
3227,2
3228,2
3229,2
3230,2
3231,1
3232,1
3233,1
3234,0
3235,0
3236,0
3237,0
3238,0
3239,0
3240,0
3241,0
3242,0
3243,0
3244,0
3245,0
3246,0
3247,0
3248,0
3249,0
3250,0
3251,0
3252,0
3253,0
3254,0
3255,0
3256,0
3257,0
3258,0
3259,0
3260,0
3261,0
3262,0
3263,0
3264,0
3265,0
3266,0
3267,0
3268,0
3269,0
3270,0
3271,0
3272,0
3273,0
3274,0
3275,0
3276,0
3277,0
3278,0
3279,0
3280,0
3281,0
3282,0
3283,0
3284,0
3285,0
3286,0
3287,0
3288,0
3289,0
3290,0
3291,0
3292,0
3293,0
3294,0
3295,0
3296,0
3297,0
3298,0
3299,0
3300,0
3301,0
3302,0
3303,0
3304,0
3305,0
3306,1
3307,1
3308,2
3309,2
3310,3
3311,3
3312,3
3313,3
3314,4
3315,4
3316,4
3317,4
3318,4
3319,4
3320,4
3321,4
3322,4
3323,4
3324,4
3325,4
3326,4
3327,4
3328,4
3329,4
3330,4
3331,4
3332,4
3333,3
3334,3
3335,3
3336,3
3337,3
3338,3
3339,3
3340,3
3341,3
3342,3
3343,3
3344,3
3345,3
3346,3
3347,3
3348,3
3349,3
3350,3
3351,3
3352,3
3353,3
3354,3
3355,3
3356,3
3357,3
3358,3
3359,3
3360,3
3361,3
3362,3
3363,3
3364,3
3365,3
3366,3
3367,3
3368,3
3369,3
3370,3
3371,3
3372,3
3373,3
3374,3
3375,3
3376,3
3377,3
3378,3
3379,3
3380,3
3381,3
3382,3
3383,3
3384,3
3385,3
3386,3
3387,3
3388,3
3389,3
3390,3
3391,3
3392,3
3393,3
3394,3
3395,3
3396,3
3397,3
3398,3
3399,3
3400,3
3401,3
3402,3
3403,3
3404,3
3405,3
3406,3
3407,3
3408,3
3409,3
3410,3
3411,3
3412,3
3413,3
3414,3
3415,3
3416,3
3417,3
3418,3
3419,3
3420,3
3421,3
3422,3
3423,3
3424,3
3425,3
3426,3
3427,3
3428,3
3429,3
3430,3
3431,3
3432,3
3433,3
3434,3
3435,3
3436,3
3437,3
3438,3
3439,3
3440,3
3441,3
3442,3
3443,3
3444,3
3445,3
3446,3
3447,3
3448,3
3449,3
3450,3
3451,3
3452,3
3453,3
3454,3
3455,3
3456,3
3457,3
3458,3
3459,3
3460,3
3461,3
3462,3
3463,3
3464,3
3465,3
3466,3
3467,3
3468,3
3469,3
3470,3
3471,3
3472,3
3473,3
3474,3
3475,3
3476,3
3477,3
3478,3
3479,3
3480,3
3481,3
3482,3
3483,3
3484,3
3485,3
3486,3
3487,3
3488,3
3489,3
3490,3
3491,3
3492,3
3493,3
3494,3
3495,3
3496,3
3497,3
3498,3
3499,3
3500,3
3501,3
3502,3
3503,3
3504,3
3505,3
3506,3
3507,3
3508,3
3509,3
3510,3
3511,3
3512,3
3513,3
3514,3
3515,3
3516,3
3517,3
3518,3
3519,3
3520,3
3521,3
3522,3
3523,3
3524,3
3525,3
3526,3
3527,3
3528,3
3529,3
3530,3
3531,3
3532,3
3533,3
3534,3
3535,3
3536,3
3537,3
3538,3
3539,3
3540,3
3541,3
3542,3
3543,3
3544,3
3545,3
3546,3
3547,3
3548,3
3549,3
3550,3
3551,3
3552,3
3553,3
3554,3
3555,3
3556,3
3557,3
3558,3
3559,3
3560,3
3561,3
3562,3
3563,3
3564,3
3565,3
3566,3
3567,3
3568,3
3569,3
3570,3
3571,3
3572,3
3573,3
3574,3
3575,3
3576,3
3577,3
3578,3
3579,3
3580,3
3581,3
3582,3
3583,3
3584,3
3585,3
3586,3
3587,3
3588,3
3589,3
3590,3
3591,3
3592,3
3593,3
3594,3
3595,3
3596,3
3597,3
3598,3
3599,3
3600,3
3601,3
3602,3
3603,3
3604,3
3605,3
3606,3
3607,3
3608,3
3609,3
3610,3
3611,3
3612,3
3613,3
3614,3
3615,3
3616,3
3617,3
3618,3
3619,3
3620,3
3621,3
3622,3
3623,3
3624,3
3625,3
3626,3
3627,3
3628,3
3629,3
3630,3
3631,3
3632,3
3633,3
3634,3
3635,3
3636,3
3637,3
3638,3
3639,3
3640,3
3641,3
3642,3
3643,3
3644,3
3645,3
3646,3
3647,3
3648,3
3649,3
3650,3
3651,3
3652,3
3653,3
3654,3
3655,3
3656,3
3657,3
3658,3
3659,3
3660,3
3661,3
3662,3
3663,3
3664,3
3665,3
3666,3
3667,3
3668,3
3669,3
3670,3
3671,3
3672,3
3673,3
3674,3
3675,3
3676,3
3677,3
3678,3
3679,3
3680,3
3681,3
3682,3
3683,3
3684,3
3685,3
3686,3
3687,3
3688,3
3689,3
3690,3
3691,3
3692,3
3693,3
3694,3
3695,3
3696,3
3697,3
3698,3
3699,3
3700,3
3701,3
3702,3
3703,3
3704,3
3705,3
3706,3
3707,3
3708,3
3709,3
3710,3
3711,3
3712,3
3713,3
3714,3
3715,3
3716,3
3717,3
3718,3
3719,3
3720,3
3721,3
3722,3
3723,3
3724,3
3725,3
3726,3
3727,3
3728,3
3729,3
3730,3
3731,3
3732,3
3733,3
3734,3
3735,3
3736,3
3737,3
3738,3
3739,3
3740,3
3741,3
3742,3
3743,3
3744,3
3745,3
3746,3
3747,3
3748,3
3749,3
3750,3
3751,3
3752,3
3753,3
3754,3
3755,3
3756,3
3757,3
3758,3
3759,3
3760,3
3761,3
3762,3
3763,3
3764,3
3765,3
3766,3
3767,3
3768,3
3769,3
3770,3
3771,3
3772,3
3773,3
3774,3
3775,3
3776,3
3777,3
3778,3
3779,3
3780,3
3781,3
3782,3
3783,3
3784,3
3785,3
3786,3
3787,3
3788,3
3789,3
3790,3
3791,3
3792,3
3793,3
3794,3
3795,3
3796,3
3797,3
3798,3
3799,3
3800,3
3801,3
3802,3
3803,3
3804,3
3805,3
3806,3
3807,3
3808,3
3809,3
3810,2
3811,2
3812,2
3813,1
3814,1
3815,0
3816,0
3817,0
3818,0
3819,0
3820,0
3821,0
3822,0
3823,0
3824,0
3825,0
3826,0
3827,1
3828,1
3829,2
3830,2
3831,2
3832,3
3833,3
3834,3
3835,3
3836,3
3837,3
3838,3
3839,3
3840,3
3841,3
3842,3
3843,3
3844,3
3845,3
3846,3
3847,3
3848,3
3849,3
3850,3
3851,3
3852,3
3853,3
3854,3
3855,3
3856,3
3857,3
3858,3
3859,3
3860,3
3861,3
3862,3
3863,3
3864,3
3865,3
3866,3
3867,3
3868,3
3869,3
3870,3
3871,3
3872,3
3873,3
3874,3
3875,3
3876,3
3877,3
3878,3
3879,3
3880,3
3881,3
3882,3
3883,3
3884,3
3885,3
3886,3
3887,3
3888,3
3889,3
3890,3
3891,3
3892,3
3893,3
3894,3
3895,3
3896,3
3897,3
3898,3
3899,3
3900,3
3901,3
3902,3
3903,3
3904,3
3905,3
3906,3
3907,3
3908,3
3909,3
3910,3
3911,3
3912,3
3913,3
3914,3
3915,3
3916,3
3917,3
3918,3
3919,3
3920,3
3921,3
3922,3
3923,3
3924,3
3925,3
3926,3
3927,3
3928,3
3929,3
3930,3
3931,3
3932,3
3933,3
3934,3
3935,3
3936,3
3937,3
3938,3
3939,3
3940,3
3941,3
3942,3
3943,3
3944,3
3945,3
3946,3
3947,3
3948,3
3949,3
3950,3
3951,3
3952,3
3953,3
3954,3
3955,3
3956,3
3957,3
3958,3
3959,3
3960,3
3961,3
3962,3
3963,3
3964,3
3965,3
3966,3
3967,3
3968,3
3969,3
3970,3
3971,3
3972,3
3973,3
3974,3
3975,3
3976,3
3977,3
3978,3
3979,3
3980,3
3981,3
3982,3
3983,3
3984,3
3985,3
3986,3
3987,3
3988,3
3989,3
3990,3
3991,3
3992,3
3993,3
3994,3
3995,3
3996,3
3997,3
3998,3
3999,3
4000,3
4001,3
4002,3
4003,2
4004,2
4005,2
4006,2
4007,2
4008,2
4009,2
4010,2
4011,2
4012,2
4013,2
4014,2
4015,2
4016,2
4017,2
4018,2
4019,2
4020,2
4021,2
4022,2
4023,2
4024,2
4025,2
4026,2
4027,2
4028,2
4029,2
4030,2
4031,2
4032,2
4033,2
4034,2
4035,2
4036,2
4037,2
4038,2
4039,2
4040,2
4041,2
4042,2
4043,2
4044,2
4045,2
4046,2
4047,2
4048,2
4049,2
4050,2
4051,2
4052,2
4053,2
4054,2
4055,2
4056,2
4057,2
4058,2
4059,2
4060,2
4061,3
4062,3
4063,3
4064,3
4065,2
4066,2
4067,2
4068,2
4069,2
4070,2
4071,2
4072,2
4073,2
4074,2
4075,2
4076,2
4077,2
4078,2
4079,2
4080,2
4081,2
4082,2
4083,2
4084,2
4085,2
4086,2
4087,2
4088,2
4089,2
4090,2
4091,1
4092,1
4093,1
4094,0
4095,0
4096,0
4097,0
4098,0
4099,0
4100,0
4101,0
4102,0
4103,0
4104,0
4105,0
4106,0
4107,0
4108,0
4109,0
4110,0
4111,0
4112,0
4113,0
4114,0
4115,0
4116,0
4117,0
4118,0
4119,0
4120,0
4121,0
4122,0
4123,0
4124,0
4125,0
4126,0
4127,0
4128,0
4129,0
4130,0
4131,0
4132,0
4133,0
4134,0
4135,0
4136,0
4137,0
4138,0
4139,0
4140,0
4141,0
4142,0
4143,0
4144,0
4145,0
4146,0
4147,0
4148,0
4149,0
4150,0
4151,0
4152,0
4153,0
4154,0
4155,0
4156,0
4157,0
4158,0
4159,0
4160,0
4161,0
4162,0
4163,0
4164,0
4165,0
4166,0
4167,0
4168,0
4169,0
4170,0
4171,0
4172,0
4173,0
4174,0
4175,0
4176,0
4177,0
4178,0
4179,0
4180,0
4181,0
4182,0
4183,0
4184,1
4185,1
4186,2
4187,2
4188,2
4189,2
4190,2
4191,2
4192,2
4193,2
4194,2
4195,2
4196,2
4197,2
4198,2
4199,2
4200,2
4201,2
4202,2
4203,2
4204,2
4205,3
4206,3
4207,3
4208,3
4209,3
4210,3
4211,3
4212,3
4213,3
4214,3
4215,3
4216,3
4217,3
4218,3
4219,3
4220,3
4221,3
4222,3
4223,3
4224,3
4225,3
4226,3
4227,3
4228,3
4229,3
4230,3
4231,3
4232,3
4233,3
4234,3
4235,3
4236,3
4237,3
4238,3
4239,3
4240,3
4241,3
4242,3
4243,3
4244,3
4245,3
4246,3
4247,3
4248,3
4249,3
4250,3
4251,3
4252,3
4253,3
4254,3
4255,3
4256,3
4257,3
4258,3
4259,3
4260,3
4261,3
4262,3
4263,3
4264,3
4265,3
4266,3
4267,3
4268,3
4269,3
4270,3
4271,3
4272,3
4273,3
4274,3
4275,3
4276,3
4277,3
4278,3
4279,3
4280,3
4281,3
4282,3
4283,3
4284,3
4285,3
4286,3
4287,3
4288,3
4289,3
4290,3
4291,3
4292,3
4293,3
4294,3
4295,3
4296,3
4297,3
4298,3
4299,3
4300,3
4301,3
4302,3
4303,3
4304,3
4305,3
4306,3
4307,3
4308,3
4309,3
4310,3
4311,3
4312,3
4313,3
4314,3
4315,3
4316,3
4317,3
4318,3
4319,3
4320,3
4321,3
4322,3
4323,3
4324,3
4325,3
4326,3
4327,3
4328,3
4329,3
4330,3
4331,3
4332,3
4333,3
4334,3
4335,3
4336,3
4337,3
4338,3
4339,3
4340,3
4341,3
4342,3
4343,3
4344,3
4345,3
4346,3
4347,3
4348,3
4349,3
4350,3
4351,3
4352,3
4353,3
4354,3
4355,3
4356,3
4357,3
4358,3
4359,3
4360,3
4361,3
4362,3
4363,3
4364,3
4365,3
4366,3
4367,3
4368,3
4369,3
4370,3
4371,3
4372,3
4373,3
4374,3
4375,3
4376,3
4377,3
4378,3
4379,3
4380,3
4381,3
4382,3
4383,3
4384,3
4385,3
4386,3
4387,3
4388,3
4389,3
4390,3
4391,3
4392,3
4393,3
4394,3
4395,3
4396,3
4397,3
4398,3
4399,3
4400,3
4401,3
4402,3
4403,3
4404,3
4405,3
4406,3
4407,3
4408,3
4409,3
4410,3
4411,3
4412,3
4413,3
4414,3
4415,3
4416,3
4417,3
4418,3
4419,3
4420,3
4421,3
4422,3
4423,3
4424,3
4425,3
4426,3
4427,3
4428,3
4429,3
4430,3
4431,3
4432,3
4433,3
4434,3
4435,3
4436,3
4437,3
4438,3
4439,3
4440,3
4441,3
4442,3
4443,3
4444,3
4445,3
4446,3
4447,3
4448,3
4449,3
4450,3
4451,3
4452,3
4453,3
4454,3
4455,3
4456,3
4457,3
4458,3
4459,3
4460,3
4461,3
4462,3
4463,3
4464,3
4465,3
4466,3
4467,3
4468,3
4469,3
4470,3
4471,3
4472,3
4473,3
4474,3
4475,3
4476,3
4477,3
4478,3
4479,3
4480,3
4481,3
4482,3
4483,3
4484,3
4485,3
4486,3
4487,3
4488,3
4489,3
4490,3
4491,3
4492,3
4493,3
4494,3
4495,3
4496,3
4497,3
4498,3
4499,3
4500,3
4501,3
4502,3
4503,3
4504,3
4505,3
4506,3
4507,3
4508,3
4509,3
4510,3
4511,3
4512,3
4513,3
4514,3
4515,3
4516,3
4517,3
4518,3
4519,3
4520,3
4521,3
4522,3
4523,3
4524,3
4525,3
4526,3
4527,3
4528,3
4529,3
4530,3
4531,2
4532,2
4533,1
4534,1
4535,0
4536,0
4537,0
4538,0
4539,0
4540,0
4541,0
4542,0
4543,0
4544,0
4545,0
4546,0
4547,0
4548,0
4549,0
4550,0
4551,0
4552,0
4553,0
4554,0
4555,0
4556,0
4557,0
4558,0
4559,0
4560,0
4561,0
4562,0
4563,0
4564,0
4565,0
4566,0
4567,0
4568,0
4569,0
4570,0
4571,0
4572,0
4573,0
4574,0
4575,0
4576,0
4577,0
4578,0
4579,0
4580,0
4581,0
4582,0
4583,0
4584,0
4585,0
4586,0
4587,0
4588,0
4589,0
4590,0
4591,0
4592,0
4593,0
4594,0
4595,0
4596,0
4597,0
4598,0
4599,0
4600,0
4601,0
4602,0
4603,0
4604,0
4605,0
4606,0
4607,0
4608,0
4609,0
4610,0
4611,0
4612,0
4613,0
4614,0
4615,0
4616,0
4617,0
4618,0
4619,0
4620,0
4621,0
4622,0
4623,0
4624,0
4625,0
4626,0
4627,0
4628,0
4629,0
4630,0
4631,0
4632,0
4633,0
4634,0
4635,0
4636,0
4637,0
4638,0
4639,0
4640,0
4641,0
4642,0
4643,0
4644,0
4645,0
4646,0
4647,0
4648,0
4649,0
4650,0
4651,0
4652,0
4653,0
4654,0
4655,0
4656,0
4657,0
4658,0
4659,0
4660,0
4661,0
4662,0
4663,0
4664,0
4665,0
4666,0
4667,0
4668,0
4669,0
4670,0
4671,0
4672,0
4673,0
4674,0
4675,0
4676,0
4677,0
4678,0
4679,0
4680,0
4681,0
4682,0
4683,0
4684,0
4685,0
4686,0
4687,0
4688,0
4689,0
4690,0
4691,0
4692,0
4693,0
4694,0
4695,0
4696,0
4697,0
4698,0
4699,0
4700,0
4701,0
4702,0
4703,0
4704,0
4705,0
4706,0
4707,0
4708,0
4709,0
4710,0
4711,0
4712,0
4713,0
4714,0
4715,0
4716,0
4717,0
4718,0
4719,0
4720,0
4721,0
4722,0
4723,0
4724,0
4725,0
4726,0
4727,0
4728,0
4729,0
4730,0
4731,0
4732,0
4733,0
4734,0
4735,0
4736,0
4737,0
4738,0
4739,0
4740,0
4741,0
4742,0
4743,0
4744,0
4745,0
4746,0
4747,0
4748,0
4749,0
4750,0
4751,0
4752,0
4753,0
4754,0
4755,0
4756,0
4757,0
4758,0
4759,0
4760,0
4761,0
4762,0
4763,0
4764,0
4765,0
4766,0
4767,0
4768,0
4769,0
4770,0
4771,0
4772,0
4773,0
4774,0
4775,0
4776,0
4777,0
4778,0
4779,0
4780,0
4781,0
4782,0
4783,0
4784,0
4785,0
4786,0
4787,0
4788,0
4789,0
4790,0
4791,0
4792,0
4793,0
4794,0
4795,0
4796,0
4797,0
4798,0
4799,0
4800,0
4801,0
4802,0
4803,0
4804,0
4805,0
4806,0
4807,0
4808,0
4809,0
4810,0
4811,0
4812,0
4813,0
4814,0
4815,0
4816,0
4817,0
4818,0
4819,0
4820,0
4821,0
4822,0
4823,0
4824,0
4825,0
4826,0
4827,0
4828,0
4829,0
4830,0
4831,0
4832,0
4833,0
4834,0
4835,0
4836,0
4837,0
4838,0
4839,0
4840,0
4841,0
4842,0
4843,0
4844,0
4845,0
