1,3
2,3
3,3
4,3
5,3
6,3
7,3
8,3
9,3
10,3
11,3
12,3
13,3
14,3
15,3
16,3
17,3
18,3
19,3
20,3
21,3
22,2
23,2
24,2
25,2
26,2
27,2
28,1
29,1
30,1
31,1
32,2
33,2
34,2
35,1
36,1
37,1
38,1
39,0
40,0
41,0
42,0
43,0
44,0
45,0
46,0
47,0
48,0
49,0
50,0
51,0
52,0
53,0
54,0
55,0
56,0
57,0
58,0
59,0
60,0
61,0
62,0
63,0
64,0
65,0
66,0
67,0
68,0
69,0
70,1
71,2
72,2
73,2
74,2
75,2
76,2
77,3
78,3
79,3
80,3
81,3
82,3
83,3
84,3
85,3
86,3
87,3
88,3
89,3
90,3
91,3
92,3
93,3
94,3
95,3
96,3
97,3
98,3
99,3
100,3
101,3
102,3
103,3
104,3
105,3
106,3
107,3
108,3
109,3
110,3
111,3
112,3
113,3
114,3
115,3
116,3
117,3
118,3
119,3
120,3
121,3
122,3
123,3
124,3
125,3
126,3
127,3
128,3
129,3
130,3
131,3
132,3
133,3
134,3
135,3
136,3
137,3
138,3
139,3
140,3
141,3
142,3
143,3
144,3
145,3
146,3
147,3
148,3
149,3
150,3
151,3
152,3
153,3
154,3
155,3
156,3
157,3
158,3
159,3
160,3
161,3
162,3
163,3
164,3
165,3
166,3
167,3
168,3
169,3
170,3
171,3
172,3
173,3
174,3
175,3
176,3
177,3
178,3
179,3
180,3
181,3
182,3
183,3
184,3
185,3
186,3
187,3
188,3
189,3
190,3
191,3
192,3
193,3
194,3
195,3
196,3
197,3
198,3
199,3
200,3
201,3
202,3
203,3
204,3
205,3
206,3
207,3
208,3
209,3
210,3
211,3
212,3
213,3
214,3
215,3
216,3
217,3
218,3
219,3
220,3
221,3
222,3
223,3
224,3
225,3
226,3
227,3
228,3
229,3
230,3
231,3
232,3
233,3
234,3
235,3
236,3
237,3
238,3
239,3
240,3
241,3
242,3
243,3
244,3
245,3
246,3
247,3
248,3
249,3
250,3
251,3
252,3
253,3
254,3
255,3
256,3
257,3
258,3
259,3
260,3
261,3
262,3
263,3
264,3
265,3
266,3
267,3
268,3
269,3
270,3
271,3
272,3
273,3
274,3
275,3
276,3
277,3
278,3
279,3
280,3
281,3
282,3
283,3
284,3
285,3
286,2
287,2
288,2
289,2
290,2
291,1
292,1
293,1
294,1
295,1
296,1
297,0
298,0
299,0
300,0
301,0
302,0
303,1
304,2
305,2
306,2
307,2
308,3
309,3
310,3
311,3
312,3
313,3
314,3
315,3
316,3
317,3
318,3
319,3
320,3
321,3
322,3
323,3
324,3
325,3
326,3
327,3
328,3
329,3
330,3
331,3
332,3
333,3
334,3
335,3
336,3
337,3
338,3
339,3
340,3
341,3
342,3
343,3
344,3
345,3
346,3
347,3
348,3
349,3
350,3
351,3
352,3
353,3
354,3
355,3
356,3
357,3
358,3
359,3
360,3
361,3
362,3
363,3
364,3
365,3
366,3
367,3
368,3
369,2
370,2
371,1
372,0
373,0
374,0
375,0
376,0
377,0
378,0
379,0
380,0
381,0
382,0
383,0
384,0
385,0
386,0
387,0
388,0
389,0
390,0
391,0
392,0
393,0
394,0
395,0
396,0
397,0
398,0
399,0
400,0
401,0
402,0
403,0
404,0
405,0
406,0
407,0
408,0
409,0
410,0
411,0
412,0
413,0
414,0
415,0
416,0
417,0
418,0
419,0
420,0
421,0
422,0
423,0
424,0
425,0
426,0
427,0
428,0
429,0
430,0
431,0
432,0
433,0
434,0
435,0
436,0
437,0
438,0
439,0
440,0
441,0
442,0
443,0
444,0
445,0
446,0
447,0
448,0
449,0
450,0
451,0
452,0
453,0
454,0
455,0
456,0
457,0
458,1
459,1
460,2
461,2
462,2
463,2
464,2
465,2
466,2
467,2
468,2
469,2
470,2
471,2
472,2
473,2
474,2
475,2
476,2
477,2
478,3
479,3
480,3
481,3
482,3
483,3
484,3
485,3
486,3
487,3
488,3
489,3
490,3
491,3
492,3
493,3
494,3
495,3
496,3
497,3
498,3
499,3
500,3
501,3
502,3
503,3
504,3
505,3
506,3
507,3
508,3
509,3
510,3
511,3
512,3
513,3
514,3
515,3
516,3
517,3
518,3
519,3
520,3
521,3
522,3
523,3
524,3
525,3
526,3
527,3
528,3
529,3
530,3
531,3
532,3
533,3
534,3
535,3
536,3
537,3
538,3
539,3
540,3
541,3
542,3
543,3
544,3
545,3
546,3
547,3
548,3
549,3
550,3
551,3
552,3
553,3
554,3
555,3
556,3
557,3
558,3
559,3
560,3
561,3
562,3
563,3
564,3
565,3
566,3
567,3
568,3
569,3
570,3
571,3
572,3
573,3
574,3
575,2
576,2
577,2
578,2
579,2
580,2
581,2
582,2
583,2
584,2
585,2
586,2
587,2
588,2
589,2
590,2
591,2
592,2
593,2
594,2
595,2
596,2
597,2
598,2
599,2
600,2
601,2
602,2
603,2
604,3
605,3
606,3
607,3
608,3
609,3
610,3
611,3
612,3
613,3
614,3
615,3
616,3
617,3
618,3
619,3
620,3
621,3
622,3
623,3
624,3
625,3
626,3
627,3
628,3
629,3
630,3
631,3
632,3
633,3
634,3
635,3
636,3
637,3
638,3
639,3
640,3
641,3
642,3
643,3
644,3
645,3
646,3
647,3
648,3
649,3
650,3
651,3
652,3
653,3
654,3
655,3
656,3
657,3
658,3
659,3
660,3
661,3
662,3
663,3
664,3
665,3
666,3
667,3
668,3
669,3
670,3
671,3
672,3
673,3
674,3
675,3
676,3
677,3
678,3
679,3
680,3
681,3
682,3
683,3
684,3
685,3
686,3
687,3
688,3
689,3
690,3
691,3
692,3
693,3
694,3
695,3
696,3
697,3
698,3
699,3
700,3
701,3
702,3
703,3
704,3
705,3
706,3
707,3
708,3
709,3
710,3
711,3
712,3
713,3
714,3
715,3
716,3
717,3
718,3
719,3
720,3
721,3
722,3
723,3
724,3
725,3
726,3
727,3
728,3
729,3
730,3
731,3
732,3
733,3
734,3
735,3
736,3
737,3
738,3
739,3
740,3
741,3
742,3
743,4
744,4
745,4
746,4
747,4
748,4
749,4
750,4
751,4
752,4
753,4
754,4
755,4
756,4
757,4
758,4
759,4
760,4
761,4
762,4
763,4
764,4
765,4
766,4
767,4
768,4
769,4
770,4
771,4
772,4
773,4
774,4
775,4
776,4
777,4
778,4
779,4
780,4
781,4
782,4
783,4
784,4
785,4
786,4
787,4
788,4
789,4
790,4
791,4
792,4
793,4
794,4
795,4
796,4
797,4
798,4
799,4
800,4
801,4
802,4
803,4
804,4
805,4
806,4
807,4
808,4
809,4
810,4
811,4
812,4
813,4
814,3
815,2
816,1
817,0
818,0
819,0
820,0
821,0
822,0
823,0
824,0
825,0
826,0
827,0
828,0
829,0
830,0
831,0
832,0
833,0
834,0
835,0
836,0
837,0
838,0
839,0
840,0
841,0
842,0
843,0
844,0
845,0
846,0
847,0
848,0
849,0
850,0
851,0
852,0
853,0
854,0
855,0
856,0
857,0
858,0
859,0
860,0
861,0
862,0
863,0
864,0
865,0
866,0
867,0
868,0
869,0
870,0
871,0
872,0
873,0
874,0
875,0
876,0
877,0
878,0
879,0
880,0
881,0
882,0
883,0
884,0
885,0
886,0
887,0
888,0
889,0
890,0
891,0
892,0
893,0
894,0
895,0
896,0
897,0
898,0
899,0
900,0
901,0
902,0
903,0
904,0
905,0
906,0
907,0
908,0
909,0
910,0
911,0
912,0
913,0
914,0
915,0
916,0
917,0
918,0
919,0
920,0
921,0
922,0
923,0
924,0
925,0
926,0
927,0
928,0
929,0
930,0
931,0
932,0
933,0
934,0
935,0
936,0
937,0
938,0
939,0
940,0
941,0
942,0
943,0
944,0
945,0
946,0
947,0
948,0
949,0
950,0
951,0
952,0
953,0
954,0
955,0
956,0
957,0
958,0
959,0
960,0
961,0
962,0
963,0
964,0
965,0
966,0
967,0
968,0
969,0
970,0
971,0
972,0
973,0
974,0
975,0
976,0
977,0
978,0
979,0
980,0
981,0
982,0
983,0
984,0
985,0
986,0
987,0
988,0
989,0
990,0
991,0
992,0
993,0
994,0
995,0
996,0
997,0
998,0
999,0
1000,0
1001,0
1002,0
1003,0
1004,0
1005,0
1006,0
1007,0
1008,0
1009,0
1010,0
1011,0
1012,0
1013,0
1014,0
1015,0
1016,0
1017,0
1018,0
1019,0
1020,0
1021,0
1022,0
1023,0
1024,0
1025,0
1026,0
1027,0
1028,0
1029,0
1030,0
1031,0
1032,0
1033,0
1034,0
1035,0
1036,0
1037,0
1038,0
1039,0
1040,0
1041,0
1042,0
1043,0
1044,0
1045,0
1046,0
1047,0
1048,0
1049,1
1050,1
1051,2
1052,2
1053,2
1054,2
1055,2
1056,2
1057,2
1058,2
1059,2
1060,2
1061,2
1062,2
1063,2
1064,2
1065,2
1066,2
1067,2
1068,2
1069,2
1070,2
1071,2
1072,2
1073,2
1074,2
1075,2
1076,2
1077,2
1078,2
1079,2
1080,2
1081,2
1082,2
1083,2
1084,2
1085,2
1086,2
1087,2
1088,2
1089,2
1090,2
1091,2
1092,2
1093,2
1094,2
1095,2
1096,2
1097,2
1098,2
1099,2
1100,2
1101,2
1102,2
1103,2
1104,2
1105,2
1106,3
1107,3
1108,3
1109,3
1110,3
1111,3
1112,3
1113,3
1114,3
1115,3
1116,3
1117,3
1118,3
1119,3
1120,3
1121,3
1122,3
1123,3
1124,3
1125,3
1126,3
1127,3
1128,3
1129,3
1130,3
1131,3
1132,3
1133,3
1134,3
1135,3
1136,3
1137,3
1138,3
1139,3
1140,3
1141,3
1142,3
1143,3
1144,3
1145,3
1146,3
1147,3
1148,3
1149,3
1150,3
1151,3
1152,3
1153,3
1154,3
1155,3
1156,3
1157,3
1158,3
1159,3
1160,3
1161,3
1162,3
1163,3
1164,3
1165,3
1166,3
1167,3
1168,3
1169,3
1170,3
1171,3
1172,3
1173,3
1174,3
1175,3
1176,3
1177,3
1178,3
1179,3
1180,3
1181,3
1182,3
1183,3
1184,3
1185,3
1186,3
1187,3
1188,3
1189,3
1190,3
1191,3
1192,3
1193,3
1194,3
1195,3
1196,3
1197,3
1198,3
1199,3
1200,3
1201,3
1202,3
1203,3
1204,3
1205,3
1206,3
1207,3
1208,3
1209,3
1210,3
1211,3
1212,3
1213,3
1214,3
1215,3
1216,3
1217,3
1218,3
1219,3
1220,3
1221,3
1222,3
1223,3
1224,3
1225,3
1226,3
1227,3
1228,3
1229,3
1230,3
1231,3
1232,3
1233,3
1234,3
1235,3
1236,3
1237,3
1238,3
1239,3
1240,3
1241,3
1242,3
1243,3
1244,3
1245,3
1246,3
1247,3
1248,3
1249,3
1250,3
1251,3
1252,3
1253,3
1254,3
1255,3
1256,3
1257,3
1258,3
1259,3
1260,3
1261,3
1262,3
1263,3
1264,3
1265,3
1266,3
1267,3
1268,3
1269,3
1270,3
1271,3
1272,3
1273,2
1274,2
1275,2
1276,2
1277,2
1278,2
1279,1
1280,1
1281,1
1282,0
1283,0
1284,0
1285,0
1286,0
1287,0
1288,0
1289,0
1290,0
1291,0
1292,0
1293,1
1294,1
1295,1
1296,1
1297,1
1298,1
1299,1
1300,1
1301,1
1302,1
1303,1
1304,1
1305,1
1306,1
1307,1
1308,1
1309,2
1310,2
1311,2
1312,2
1313,2
1314,3
1315,3
1316,3
1317,3
1318,3
1319,2
1320,1
1321,1
1322,1
1323,1
1324,0
1325,0
1326,0
1327,0
1328,0
1329,0
1330,0
1331,0
1332,0
1333,0
1334,0
1335,0
1336,0
1337,0
1338,0
1339,0
1340,0
1341,0
1342,0
1343,0
1344,0
1345,0
1346,0
1347,0
1348,0
1349,0
1350,0
1351,0
1352,0
1353,0
1354,0
1355,0
1356,0
1357,0
1358,0
1359,0
1360,0
1361,0
1362,0
1363,0
1364,0
1365,0
1366,0
1367,0
1368,1
1369,2
1370,2
1371,3
1372,3
1373,3
1374,3
1375,3
1376,3
1377,3
1378,3
1379,3
1380,3
1381,3
1382,3
1383,3
1384,3
1385,3
1386,3
1387,3
1388,3
1389,3
1390,3
1391,3
1392,3
1393,3
1394,3
1395,3
1396,3
1397,3
1398,3
1399,3
1400,3
1401,3
1402,3
1403,3
1404,3
1405,3
1406,3
1407,3
1408,3
1409,3
1410,3
1411,3
1412,3
1413,3
1414,3
1415,3
1416,3
1417,3
1418,3
1419,3
1420,3
1421,3
1422,3
1423,3
1424,3
1425,3
1426,3
1427,3
1428,3
1429,3
1430,3
1431,3
1432,3
1433,3
1434,3
1435,3
1436,3
1437,3
1438,3
1439,3
1440,3
1441,3
1442,3
1443,3
1444,3
1445,3
1446,3
1447,3
1448,3
1449,3
1450,3
1451,3
1452,3
1453,3
1454,3
1455,3
1456,3
1457,3
1458,3
1459,3
1460,3
1461,3
1462,3
1463,3
1464,3
1465,3
1466,3
1467,3
1468,3
1469,3
1470,3
1471,3
1472,3
1473,3
1474,3
1475,3
1476,3
1477,3
1478,3
1479,3
1480,3
1481,3
1482,3
1483,3
1484,3
1485,3
1486,3
1487,3
1488,3
1489,2
1490,2
1491,2
1492,2
1493,2
1494,2
1495,2
1496,2
1497,2
1498,2
1499,2
1500,2
1501,2
1502,2
1503,2
1504,2
1505,2
1506,2
1507,2
1508,2
1509,2
1510,2
1511,2
1512,2
1513,2
1514,2
1515,2
1516,2
1517,2
1518,2
1519,2
1520,2
1521,2
1522,2
1523,2
1524,2
1525,2
1526,2
1527,2
1528,2
1529,2
1530,2
1531,2
1532,2
1533,3
1534,3
1535,3
1536,3
1537,3
1538,3
1539,3
1540,3
1541,3
1542,3
1543,3
1544,3
1545,3
1546,3
1547,3
1548,3
1549,3
1550,3
1551,3
1552,3
1553,3
1554,3
1555,3
1556,3
1557,3
1558,3
1559,3
1560,3
1561,3
1562,3
1563,3
1564,3
1565,3
1566,3
1567,3
1568,2
1569,2
1570,2
1571,2
1572,2
1573,2
1574,2
1575,2
1576,2
1577,2
1578,2
1579,2
1580,1
1581,1
1582,1
1583,1
1584,1
1585,0
1586,0
1587,0
1588,0
1589,0
1590,0
1591,0
1592,0
1593,0
1594,0
1595,0
1596,0
1597,0
1598,0
1599,0
1600,0
1601,0
1602,0
1603,0
1604,0
1605,0
1606,0
1607,0
1608,0
1609,0
1610,0
1611,0
1612,0
1613,0
1614,0
1615,0
1616,0
1617,0
1618,0
1619,0
1620,0
1621,0
1622,0
1623,0
1624,0
1625,0
1626,0
1627,0
1628,0
1629,0
1630,0
1631,0
1632,0
1633,0
1634,0
1635,0
1636,0
1637,0
1638,0
1639,0
1640,0
1641,0
1642,0
1643,0
1644,0
1645,0
1646,0
1647,0
1648,0
1649,0
1650,0
1651,0
1652,0
1653,0
1654,0
1655,0
1656,0
1657,0
1658,0
1659,0
1660,0
1661,0
1662,0
1663,0
1664,1
1665,1
1666,1
1667,1
1668,1
1669,1
1670,2
1671,3
1672,3
1673,3
1674,3
1675,3
1676,4
1677,4
1678,4
1679,4
1680,4
1681,4
1682,3
1683,3
1684,3
1685,3
1686,3
1687,3
1688,2
1689,2
1690,2
1691,2
1692,2
1693,2
1694,2
1695,2
1696,2
1697,2
1698,2
1699,2
1700,2
1701,3
1702,3
1703,3
1704,3
1705,3
1706,3
1707,3
1708,3
1709,3
1710,3
1711,3
1712,3
1713,3
1714,3
1715,3
1716,3
1717,3
1718,3
1719,3
1720,3
1721,2
1722,2
1723,1
1724,1
1725,1
1726,0
1727,0
1728,0
1729,0
1730,0
1731,0
1732,0
1733,0
1734,0
1735,0
1736,0
1737,0
1738,0
1739,0
1740,0
1741,0
1742,0
1743,0
1744,0
1745,0
1746,0
1747,0
1748,0
1749,0
1750,0
1751,0
1752,0
1753,0
1754,1
1755,2
1756,2
1757,2
1758,2
1759,3
1760,3
1761,3
1762,3
1763,3
1764,3
1765,3
1766,3
1767,3
1768,3
1769,3
1770,3
1771,3
1772,3
1773,3
1774,3
1775,3
1776,3
1777,3
1778,3
1779,3
1780,3
1781,3
1782,3
1783,3
1784,3
1785,3
1786,3
1787,3
1788,3
1789,3
1790,3
1791,3
1792,3
1793,3
1794,3
1795,3
1796,3
1797,3
1798,3
1799,3
1800,3
1801,3
1802,3
1803,3
1804,3
1805,3
1806,3
1807,3
1808,3
1809,3
1810,3
1811,3
1812,3
1813,3
1814,3
1815,3
1816,3
1817,3
1818,3
1819,3
1820,3
1821,3
1822,3
1823,3
1824,3
1825,3
1826,3
1827,3
1828,3
1829,3
1830,3
1831,3
1832,3
1833,3
1834,3
1835,3
1836,3
1837,3
1838,3
1839,3
1840,3
1841,3
1842,3
1843,3
1844,3
1845,3
1846,3
1847,3
1848,3
1849,3
1850,3
1851,3
1852,3
1853,3
1854,2
1855,2
1856,2
1857,2
1858,2
1859,1
1860,1
1861,1
1862,1
1863,0
1864,0
1865,0
1866,0
1867,0
1868,0
1869,0
1870,0
1871,0
1872,0
1873,0
1874,0
1875,0
1876,0
1877,0
1878,0
1879,0
1880,0
1881,0
1882,0
1883,0
1884,0
1885,0
1886,0
1887,0
1888,0
1889,0
1890,0
1891,0
1892,0
1893,0
1894,0
1895,0
1896,0
1897,0
1898,0
1899,0
1900,0
1901,0
1902,0
1903,0
1904,0
1905,0
1906,0
1907,0
1908,0
1909,0
1910,0
1911,0
1912,0
1913,0
1914,0
1915,0
1916,0
1917,0
1918,0
1919,0
1920,0
1921,0
1922,0
1923,0
1924,0
1925,0
1926,0
1927,0
1928,0
1929,0
1930,0
1931,0
1932,0
1933,0
1934,0
1935,0
1936,0
1937,0
1938,0
1939,0
1940,0
1941,0
1942,0
1943,0
1944,0
1945,0
1946,0
1947,0
1948,0
1949,0
1950,0
1951,1
1952,2
1953,2
1954,2
1955,2
1956,2
1957,2
1958,2
1959,2
1960,2
1961,2
1962,2
1963,2
1964,2
1965,2
1966,2
1967,2
1968,2
1969,2
1970,2
1971,2
1972,2
1973,2
1974,2
1975,2
1976,2
1977,2
1978,2
1979,2
1980,2
1981,2
1982,2
1983,2
1984,2
1985,2
1986,2
1987,2
1988,2
1989,2
1990,2
1991,2
1992,2
1993,2
1994,2
1995,2
1996,2
1997,2
1998,2
1999,2
2000,2
2001,2
2002,2
2003,2
2004,2
2005,2
2006,2
2007,2
2008,2
2009,2
2010,2
2011,2
2012,2
2013,2
2014,2
2015,2
2016,2
2017,2
2018,2
2019,2
2020,2
2021,2
2022,2
2023,2
2024,2
2025,2
2026,2
2027,2
2028,3
2029,3
2030,3
2031,3
2032,3
2033,3
2034,3
2035,3
2036,3
2037,3
2038,3
2039,3
2040,3
2041,3
2042,3
2043,3
2044,3
2045,3
2046,3
2047,3
2048,3
2049,3
2050,3
2051,3
2052,3
2053,3
2054,3
2055,2
2056,2
2057,2
2058,2
2059,2
2060,2
2061,2
2062,2
2063,2
2064,2
2065,2
2066,2
2067,2
2068,2
2069,2
2070,2
2071,2
2072,2
2073,2
2074,2
2075,2
2076,2
2077,2
2078,2
2079,2
2080,2
2081,2
2082,2
2083,2
2084,2
2085,2
2086,2
2087,2
2088,2
2089,2
2090,2
2091,2
2092,2
2093,2
2094,2
2095,2
2096,2
2097,2
2098,2
2099,2
2100,2
2101,2
2102,2
2103,2
2104,2
2105,2
2106,2
2107,2
2108,2
2109,2
2110,2
2111,2
2112,2
2113,2
2114,2
2115,2
2116,2
2117,2
2118,2
2119,2
2120,2
2121,2
2122,2
2123,2
2124,2
2125,2
2126,2
2127,2
2128,2
2129,2
2130,2
2131,2
2132,2
2133,2
2134,2
2135,2
2136,2
2137,2
2138,2
2139,2
2140,2
2141,2
2142,2
2143,2
2144,2
2145,2
2146,2
2147,2
2148,2
2149,2
2150,2
2151,2
2152,2
2153,2
2154,2
2155,2
2156,2
2157,2
2158,2
2159,2
2160,2
2161,2
2162,2
2163,2
2164,2
2165,2
2166,2
2167,2
2168,2
2169,2
2170,2
2171,2
2172,2
2173,2
2174,2
2175,2
2176,2
2177,2
2178,2
2179,2
2180,2
2181,2
2182,2
2183,2
2184,2
2185,2
2186,2
2187,2
2188,2
2189,2
2190,2
2191,2
2192,2
2193,2
2194,2
2195,2
2196,2
2197,2
2198,2
2199,2
2200,2
2201,2
2202,2
2203,2
2204,2
2205,2
2206,2
2207,2
2208,2
2209,2
2210,2
2211,2
2212,2
2213,2
2214,2
2215,2
2216,2
2217,2
2218,2
2219,2
2220,2
2221,2
2222,2
2223,2
2224,2
2225,2
2226,2
2227,2
2228,2
2229,2
2230,2
2231,2
2232,2
2233,2
2234,2
2235,2
2236,2
2237,2
2238,2
2239,2
2240,2
2241,2
2242,2
2243,2
2244,2
2245,2
2246,2
2247,2
2248,2
2249,2
2250,2
2251,2
2252,2
2253,2
2254,2
2255,2
2256,2
2257,2
2258,2
2259,2
2260,2
2261,2
2262,2
2263,2
2264,2
2265,2
2266,2
2267,2
2268,2
2269,2
2270,2
2271,2
2272,2
2273,2
2274,2
2275,2
2276,2
2277,2
2278,2
2279,2
2280,2
2281,2
2282,2
2283,2
2284,2
2285,2
2286,2
2287,2
2288,2
2289,2
2290,2
2291,2
2292,2
2293,2
2294,2
2295,2
2296,2
2297,2
2298,2
2299,2
2300,2
2301,2
2302,2
2303,2
2304,2
2305,2
2306,2
2307,2
2308,2
2309,2
2310,2
2311,2
2312,2
2313,2
2314,2
2315,2
2316,2
2317,2
2318,2
2319,2
2320,2
2321,2
2322,2
2323,2
2324,2
2325,2
2326,2
2327,2
2328,2
2329,2
2330,2
2331,2
2332,2
2333,2
2334,2
2335,2
2336,2
2337,2
2338,2
2339,2
2340,2
2341,2
2342,2
2343,2
2344,2
2345,2
2346,2
2347,2
2348,2
2349,2
2350,2
2351,2
2352,2
2353,2
2354,2
2355,2
2356,2
2357,2
2358,2
2359,2
2360,2
2361,2
2362,2
2363,2
2364,2
2365,2
2366,2
2367,2
2368,2
2369,2
2370,2
2371,2
2372,2
2373,2
2374,2
2375,2
2376,2
2377,2
2378,2
2379,2
2380,2
2381,2
2382,2
2383,2
2384,2
2385,2
2386,2
2387,2
2388,2
2389,2
2390,2
2391,2
2392,2
2393,2
2394,2
2395,2
2396,2
2397,2
2398,2
2399,2
2400,2
2401,2
2402,2
2403,2
2404,2
2405,2
2406,2
2407,2
2408,2
2409,2
2410,2
2411,2
2412,2
2413,2
2414,2
2415,2
2416,2
2417,2
2418,2
2419,2
2420,2
2421,2
2422,2
2423,2
2424,2
2425,2
2426,2
2427,2
2428,2
2429,2
2430,2
2431,2
2432,2
2433,2
2434,2
2435,2
2436,2
2437,2
2438,2
2439,2
2440,2
2441,2
2442,2
2443,2
2444,2
2445,2
2446,2
2447,2
2448,2
2449,2
2450,2
2451,2
2452,2
2453,2
2454,2
2455,2
2456,2
2457,2
2458,2
2459,2
2460,2
2461,2
2462,2
2463,2
2464,2
2465,2
2466,2
2467,2
2468,2
2469,2
2470,2
2471,2
2472,2
2473,2
2474,2
2475,2
2476,2
2477,2
2478,2
2479,2
2480,2
2481,2
2482,2
2483,2
2484,2
2485,2
2486,2
2487,2
2488,2
2489,2
2490,2
2491,2
2492,2
2493,2
2494,2
2495,2
2496,2
2497,2
2498,2
2499,2
2500,2
2501,2
2502,2
2503,2
2504,2
2505,2
2506,2
2507,2
2508,2
2509,2
2510,2
2511,2
2512,2
2513,2
2514,2
2515,2
2516,2
2517,2
2518,2
2519,2
2520,2
2521,2
2522,2
2523,2
2524,2
2525,2
2526,2
2527,2
2528,2
2529,2
2530,2
2531,2
2532,2
2533,2
2534,2
2535,2
2536,2
2537,2
2538,2
2539,2
2540,2
2541,2
2542,2
2543,2
2544,2
2545,2
2546,2
2547,2
2548,2
2549,2
2550,2
2551,2
2552,2
2553,2
2554,2
2555,2
2556,2
2557,2
2558,2
2559,1
2560,1
2561,1
2562,1
2563,1
2564,1
2565,1
2566,1
2567,1
2568,1
2569,1
2570,1
2571,1
2572,1
2573,1
2574,1
2575,1
2576,1
2577,1
2578,1
2579,1
2580,1
2581,1
2582,1
2583,1
2584,1
2585,1
2586,1
2587,1
2588,1
2589,1
2590,1
2591,1
2592,1
2593,1
2594,1
2595,1
2596,1
2597,1
2598,1
2599,1
2600,1
2601,1
2602,1
2603,1
2604,1
2605,1
2606,1
2607,1
2608,1
2609,1
2610,1
2611,1
2612,1
2613,1
2614,1
2615,1
2616,1
2617,1
2618,1
2619,1
2620,1
2621,1
2622,1
2623,1
2624,1
2625,1
2626,1
2627,1
2628,1
2629,1
2630,1
2631,1
2632,1
2633,1
2634,1
2635,1
2636,1
2637,1
2638,1
2639,0
2640,0
2641,0
2642,0
2643,0
2644,0
2645,0
2646,0
2647,0
2648,0
2649,0
2650,0
2651,0
2652,0
2653,0
2654,0
2655,0
2656,0
2657,0
2658,0
2659,0
2660,0
2661,0
2662,0
2663,0
2664,0
2665,0
2666,0
2667,0
2668,0
2669,0
2670,0
2671,0
2672,0
2673,0
2674,0
2675,0
2676,0
2677,0
2678,0
2679,0
2680,0
2681,0
2682,0
2683,0
2684,0
2685,0
2686,0
2687,0
2688,0
2689,0
2690,0
2691,0
2692,0
2693,0
2694,0
2695,0
2696,0
2697,0
2698,0
2699,0
2700,0
2701,0
2702,0
2703,0
2704,0
2705,0
2706,0
2707,0
2708,0
2709,0
2710,0
2711,0
2712,0
2713,0
2714,0
2715,0
2716,0
2717,0
2718,1
2719,1
2720,1
2721,2
2722,2
2723,2
2724,2
2725,2
2726,2
2727,2
2728,2
2729,2
2730,2
2731,2
2732,2
2733,2
2734,2
2735,2
2736,2
2737,1
2738,1
2739,1
2740,1
2741,1
2742,1
2743,1
2744,1
2745,1
2746,1
2747,1
2748,1
2749,1
2750,1
2751,1
2752,1
2753,1
2754,1
2755,2
2756,2
2757,2
2758,2
2759,2
2760,2
2761,2
2762,2
2763,2
2764,2
2765,2
2766,2
2767,2
2768,2
2769,2
2770,2
2771,2
2772,2
2773,2
2774,2
2775,2
2776,2
2777,2
2778,1
2779,1
2780,1
2781,0
2782,0
2783,0
2784,0
2785,0
2786,0
2787,0
2788,0
2789,0
2790,0
2791,0
2792,0
2793,0
2794,0
2795,0
2796,0
2797,0
2798,0
2799,0
2800,0
2801,0
2802,0
2803,0
2804,0
2805,0
2806,0
2807,0
2808,0
2809,1
2810,1
2811,1
2812,1
2813,1
2814,1
2815,1
2816,0
2817,0
2818,0
2819,0
2820,0
2821,0
2822,0
2823,0
2824,0
2825,0
2826,0
2827,0
2828,0
2829,0
2830,0
2831,0
2832,0
2833,0
2834,0
2835,0
2836,0
2837,0
2838,0
2839,0
2840,0
2841,0
2842,0
2843,0
2844,0
2845,0
2846,0
2847,0
2848,0
2849,0
2850,0
2851,0
2852,0
2853,0
2854,0
2855,0
2856,0
2857,0
2858,0
2859,0
2860,0
2861,0
2862,0
2863,0
2864,0
2865,0
2866,0
2867,0
2868,0
2869,0
2870,0
2871,0
2872,0
2873,0
2874,0
2875,0
2876,0
2877,0
2878,0
2879,0
2880,0
2881,0
2882,0
2883,0
2884,0
2885,0
2886,0
2887,0
2888,0
2889,0
2890,0
2891,0
2892,0
2893,0
2894,0
2895,0
2896,0
2897,0
2898,0
2899,0
2900,0
2901,0
2902,0
2903,0
2904,0
2905,0
2906,0
2907,0
2908,0
2909,0
2910,0
2911,0
2912,0
2913,0
2914,0
2915,0
2916,0
2917,0
2918,0
2919,0
2920,0
2921,0
2922,0
2923,0
2924,0
2925,0
2926,0
2927,0
2928,0
2929,0
2930,0
2931,0
2932,0
2933,0
2934,0
2935,0
2936,0
2937,0
2938,0
2939,0
2940,0
2941,0
2942,0
2943,0
2944,0
2945,0
2946,0
2947,0
2948,0
2949,0
2950,0
2951,0
2952,0
2953,0
2954,0
2955,0
2956,0
2957,0
2958,0
2959,0
2960,0
2961,0
2962,0
2963,0
2964,0
2965,0
2966,0
2967,0
2968,0
2969,0
2970,0
2971,0
2972,0
2973,0
2974,0
2975,0
2976,0
2977,0
2978,0
2979,0
2980,0
2981,0
2982,0
2983,0
2984,0
2985,0
2986,0
2987,0
2988,0
2989,0
2990,0
2991,0
2992,0
2993,0
2994,0
2995,0
2996,0
2997,0
2998,0
2999,0
3000,0
3001,0
3002,0
3003,0
3004,0
3005,0
3006,0
3007,0
3008,0
3009,0
3010,0
3011,0
3012,0
3013,0
3014,0
3015,0
3016,0
3017,0
3018,0
3019,0
3020,0
3021,0
3022,0
3023,0
3024,0
3025,0
3026,0
3027,0
3028,0
3029,0
3030,0
3031,0
3032,0
3033,0
3034,0
3035,0
3036,0
3037,0
3038,0
3039,0
3040,0
3041,0
3042,0
3043,0
3044,0
3045,0
3046,0
3047,0
3048,0
3049,0
3050,0
3051,0
3052,0
3053,0
3054,0
3055,0
3056,0
3057,0
3058,0
3059,0
3060,0
3061,0
3062,0
3063,0
3064,0
3065,0
3066,0
3067,0
3068,0
3069,0
3070,0
3071,0
3072,0
3073,0
3074,0
3075,0
3076,0
3077,0
3078,0
3079,0
3080,0
3081,0
3082,0
3083,0
3084,0
3085,0
3086,0
3087,0
3088,0
3089,0
3090,0
3091,0
3092,0
3093,0
3094,0
3095,0
3096,0
3097,0
3098,0
3099,0
3100,0
3101,0
3102,0
3103,0
3104,0
3105,0
3106,0
3107,0
3108,0
3109,0
3110,0
3111,0
3112,0
3113,0
3114,0
3115,0
3116,0
3117,0
3118,0
3119,0
3120,0
3121,0
3122,0
3123,0
3124,0
3125,0
3126,0
3127,0
3128,0
3129,0
3130,0
3131,0
3132,0
3133,0
3134,0
3135,0
3136,0
3137,0
3138,0
3139,0
3140,0
3141,0
3142,0
3143,0
3144,0
3145,0
3146,0
3147,0
3148,0
3149,0
3150,0
3151,0
3152,0
3153,0
3154,0
3155,0
3156,0
3157,0
3158,0
3159,0
3160,0
3161,0
3162,0
3163,0
3164,0
3165,0
3166,0
3167,0
3168,0
3169,0
3170,0
3171,0
3172,0
3173,0
3174,0
3175,0
3176,0
3177,0
3178,0
3179,0
3180,0
3181,0
3182,0
3183,0
3184,0
3185,0
3186,0
3187,0
3188,0
3189,0
3190,0
3191,0
3192,0
3193,0
3194,0
3195,0
3196,0
3197,0
3198,0
3199,0
3200,0
3201,0
3202,0
3203,0
3204,0
3205,0
3206,0
3207,0
3208,0
3209,0
3210,0
3211,0
3212,0
3213,0
3214,0
3215,0
3216,0
3217,0
3218,0
3219,0
3220,0
3221,0
3222,0
3223,0
3224,0
3225,0
3226,0
3227,0
3228,0
3229,0
3230,0
3231,0
3232,0
3233,0
3234,0
3235,0
3236,0
3237,0
3238,0
3239,0
3240,0
3241,0
3242,0
3243,0
3244,0
3245,0
3246,0
3247,0
3248,0
3249,0
3250,0
3251,0
3252,0
3253,0
3254,0
3255,0
3256,0
3257,0
3258,0
3259,0
3260,0
3261,0
3262,0
3263,0
3264,0
3265,0
3266,0
3267,0
3268,0
3269,0
3270,0
3271,0
3272,0
3273,0
3274,0
3275,0
3276,0
3277,0
3278,0
3279,0
3280,0
3281,0
3282,0
3283,0
3284,0
3285,0
3286,0
3287,0
3288,0
3289,0
3290,0
3291,0
3292,0
3293,0
3294,0
3295,0
3296,0
3297,0
3298,0
3299,0
3300,0
3301,0
3302,0
3303,0
3304,0
3305,0
3306,0
3307,0
3308,0
3309,0
3310,0
3311,0
3312,0
3313,0
3314,0
3315,0
3316,0
3317,0
3318,0
3319,0
3320,0
3321,0
3322,0
3323,0
3324,0
3325,0
3326,0
3327,0
3328,0
3329,0
3330,0
3331,0
3332,0
3333,0
3334,0
3335,0
3336,0
3337,0
3338,0
3339,0
3340,0
3341,0
3342,0
3343,0
3344,0
3345,0
3346,0
3347,0
3348,0
3349,0
3350,0
3351,0
3352,0
3353,0
3354,0
3355,0
3356,0
3357,0
3358,0
3359,0
3360,0
3361,0
3362,0
3363,0
3364,0
3365,0
3366,0
3367,0
3368,0
3369,0
3370,0
3371,0
3372,1
3373,1
3374,1
3375,1
3376,1
3377,1
3378,1
3379,1
3380,0
3381,0
3382,0
3383,0
3384,0
3385,0
3386,0
3387,0
3388,0
3389,0
3390,0
3391,0
3392,0
3393,0
3394,0
3395,0
3396,0
3397,0
3398,0
3399,0
3400,0
3401,0
3402,0
3403,0
3404,0
3405,0
3406,0
3407,0
3408,0
3409,0
3410,0
3411,0
3412,0
3413,0
3414,0
3415,0
3416,0
3417,0
3418,0
3419,0
3420,0
3421,0
3422,0
3423,0
3424,0
3425,0
3426,0
3427,0
3428,0
3429,0
3430,0
3431,0
3432,0
3433,0
3434,0
3435,0
3436,0
3437,0
3438,0
3439,0
3440,0
3441,0
3442,0
3443,0
3444,0
3445,0
3446,0
3447,0
3448,0
3449,0
3450,0
3451,0
3452,0
3453,0
3454,0
3455,0
3456,0
3457,0
3458,0
3459,0
3460,0
3461,0
3462,0
3463,0
3464,0
3465,0
3466,0
3467,0
3468,0
3469,0
3470,0
3471,0
3472,0
3473,0
3474,0
3475,0
3476,0
3477,0
3478,0
3479,0
3480,0
3481,0
3482,0
3483,0
3484,0
3485,0
3486,0
3487,0
3488,0
3489,0
3490,0
3491,0
3492,0
3493,0
3494,0
3495,0
3496,0
3497,0
3498,0
3499,0
3500,0
3501,0
3502,0
3503,0
3504,0
3505,0
3506,0
3507,0
3508,0
3509,0
3510,0
3511,0
3512,0
3513,0
3514,0
3515,0
3516,0
3517,0
3518,0
3519,0
3520,0
3521,0
3522,0
3523,0
3524,0
3525,0
3526,0
3527,0
3528,0
3529,0
3530,0
3531,0
3532,0
3533,0
3534,0
3535,0
3536,0
3537,0
3538,0
3539,0
3540,0
3541,0
3542,0
3543,0
3544,0
3545,0
3546,0
3547,0
3548,0
3549,0
3550,0
3551,0
3552,0
3553,0
3554,0
3555,0
3556,0
3557,0
3558,0
3559,0
3560,0
3561,0
3562,0
3563,0
3564,0
3565,0
3566,0
3567,0
3568,0
3569,0
3570,0
3571,0
3572,0
3573,0
3574,0
3575,0
3576,0
3577,0
3578,0
3579,0
3580,0
3581,0
3582,0
3583,0
3584,0
3585,0
3586,0
3587,0
3588,0
3589,0
3590,0
3591,0
3592,0
3593,0
3594,0
3595,0
3596,0
3597,0
3598,0
3599,0
3600,0
3601,0
3602,0
3603,0
3604,0
3605,0
3606,0
3607,0
3608,0
3609,0
3610,0
3611,0
3612,0
3613,0
3614,0
3615,0
3616,0
3617,0
3618,0
3619,0
3620,0
3621,0
3622,0
3623,0
3624,0
3625,0
3626,0
3627,0
3628,0
3629,0
3630,0
3631,0
3632,0
3633,0
3634,0
3635,0
3636,0
3637,0
3638,0
3639,0
3640,0
3641,0
3642,0
3643,0
3644,0
3645,0
3646,0
3647,0
3648,0
3649,0
3650,0
3651,0
3652,0
3653,0
3654,0
3655,0
3656,0
3657,0
3658,0
3659,0
3660,0
3661,0
3662,0
3663,0
3664,0
3665,0
3666,0
3667,0
3668,0
3669,0
3670,0
3671,0
3672,0
3673,0
3674,0
3675,0
3676,0
3677,0
3678,0
3679,0
3680,0
3681,0
3682,0
3683,0
3684,0
3685,0
3686,0
3687,0
3688,0
3689,0
3690,0
3691,0
3692,0
3693,0
3694,0
3695,0
3696,0
3697,0
3698,0
3699,0
3700,0
3701,0
3702,0
3703,0
3704,0
3705,0
3706,0
3707,0
3708,0
3709,0
3710,0
3711,0
3712,0
3713,0
3714,0
3715,0
3716,0
3717,0
3718,0
3719,0
3720,0
3721,0
3722,0
3723,0
3724,0
3725,0
3726,0
3727,0
3728,0
3729,0
3730,0
3731,0
3732,0
3733,0
3734,0
3735,0
3736,0
3737,0
3738,0
3739,0
3740,0
3741,0
3742,0
3743,0
3744,0
3745,0
3746,0
3747,0
3748,0
3749,0
3750,0
3751,0
3752,0
3753,0
3754,0
3755,0
3756,0
3757,0
3758,0
3759,0
3760,0
3761,0
3762,0
3763,0
3764,0
3765,0
3766,0
3767,0
3768,0
3769,0
3770,0
3771,0
3772,0
3773,0
3774,0
3775,0
3776,0
3777,0
3778,0
3779,0
3780,0
3781,0
3782,0
3783,0
3784,0
3785,0
3786,0
3787,0
3788,0
3789,0
3790,0
3791,0
3792,0
3793,0
3794,0
3795,0
3796,0
3797,0
3798,0
3799,0
3800,0
3801,0
3802,0
3803,0
3804,0
3805,0
3806,0
3807,0
3808,0
3809,0
3810,0
3811,0
3812,0
3813,0
3814,0
3815,0
3816,0
3817,0
3818,0
3819,0
3820,0
3821,0
3822,0
3823,0
3824,0
3825,0
3826,0
3827,0
3828,0
3829,0
3830,0
3831,0
3832,0
3833,0
3834,0
3835,0
3836,0
3837,0
3838,0
3839,0
3840,0
3841,0
3842,0
3843,0
3844,0
3845,0
3846,0
3847,0
3848,0
3849,0
3850,0
3851,0
3852,0
3853,0
3854,0
3855,0
3856,0
3857,0
3858,0
3859,0
3860,0
3861,0
3862,0
3863,0
3864,0
3865,0
3866,0
3867,0
3868,0
3869,0
3870,0
3871,0
3872,0
3873,0
3874,0
3875,0
3876,0
3877,0
3878,0
3879,0
3880,0
3881,0
3882,0
3883,0
3884,0
3885,0
3886,0
3887,0
3888,0
3889,0
3890,0
3891,0
3892,0
3893,0
3894,0
3895,0
3896,0
3897,0
3898,0
3899,0
3900,0
3901,0
3902,0
3903,0
3904,0
3905,0
3906,0
3907,0
3908,0
3909,0
3910,0
3911,0
3912,0
3913,0
3914,0
3915,0
3916,0
3917,0
3918,0
3919,0
3920,0
3921,0
3922,0
3923,0
3924,0
3925,0
3926,0
3927,0
3928,0
3929,0
3930,0
3931,0
3932,0
3933,0
3934,0
3935,0
3936,0
3937,0
3938,0
3939,0
3940,0
3941,0
3942,0
3943,0
3944,0
3945,0
3946,0
3947,0
3948,0
3949,0
3950,0
3951,0
3952,0
3953,0
3954,0
3955,0
3956,0
3957,0
3958,0
3959,0
3960,0
3961,0
3962,0
3963,0
3964,0
3965,0
3966,0
3967,0
3968,0
3969,0
3970,0
3971,0
3972,0
3973,0
3974,0
3975,0
3976,0
3977,0
3978,0
3979,0
3980,0
3981,0
3982,0
3983,0
3984,0
3985,0
3986,0
3987,0
3988,0
3989,0
3990,0
3991,0
3992,0
3993,0
3994,0
3995,0
3996,0
3997,0
3998,0
3999,0
4000,0
4001,0
4002,0
4003,0
4004,0
4005,0
4006,0
4007,0
4008,0
4009,0
4010,0
4011,0
4012,0
4013,0
4014,0
4015,0
4016,0
4017,0
4018,0
4019,0
4020,0
4021,0
4022,0
4023,0
4024,0
4025,0
4026,0
4027,0
4028,0
4029,0
4030,0
4031,0
4032,0
4033,0
4034,0
4035,0
4036,0
4037,0
4038,0
4039,0
4040,0
4041,0
4042,0
4043,0
4044,0
4045,0
4046,0
4047,0
4048,0
4049,0
4050,0
4051,0
4052,0
4053,0
4054,0
4055,0
4056,0
4057,0
4058,0
4059,0
4060,0
4061,0
4062,0
4063,0
4064,0
4065,0
4066,0
4067,0
4068,0
4069,0
4070,0
4071,0
4072,0
4073,0
4074,0
4075,1
4076,2
4077,2
4078,2
4079,2
4080,2
4081,2
4082,2
4083,2
4084,2
4085,2
4086,2
4087,2
4088,2
4089,2
4090,2
4091,2
4092,2
4093,2
4094,2
4095,2
4096,2
4097,2
4098,2
4099,2
4100,2
4101,2
4102,2
4103,2
4104,2
4105,2
4106,2
4107,3
4108,3
4109,3
4110,3
4111,3
4112,3
4113,3
4114,3
4115,3
4116,3
4117,3
4118,3
4119,3
4120,3
4121,3
4122,3
4123,3
4124,3
4125,3
4126,3
4127,3
4128,3
4129,3
4130,3
4131,3
4132,3
4133,3
4134,3
4135,3
4136,3
4137,3
4138,3
4139,3
4140,3
4141,3
4142,3
4143,3
4144,3
4145,3
4146,3
4147,3
4148,3
4149,3
4150,3
4151,3
4152,3
4153,3
4154,3
4155,3
4156,3
4157,3
4158,3
4159,3
4160,3
4161,3
4162,3
4163,3
4164,3
4165,3
4166,3
4167,3
4168,3
4169,3
4170,3
4171,3
4172,3
4173,3
4174,3
4175,3
4176,3
4177,3
4178,3
4179,3
4180,3
4181,3
4182,3
4183,3
4184,3
4185,3
4186,3
4187,3
4188,3
4189,3
4190,3
4191,3
4192,3
4193,3
4194,3
4195,3
4196,3
4197,3
4198,3
4199,3
4200,3
4201,3
4202,3
4203,3
4204,3
4205,3
4206,3
4207,3
4208,3
4209,3
4210,3
4211,3
4212,3
4213,3
4214,3
4215,3
4216,3
4217,3
4218,3
4219,3
4220,3
4221,3
4222,3
4223,3
4224,3
4225,3
4226,3
4227,3
4228,3
4229,3
4230,3
4231,3
4232,3
4233,3
4234,3
4235,3
4236,3
4237,3
4238,3
4239,3
4240,3
4241,3
4242,3
4243,3
4244,3
4245,3
4246,3
4247,3
4248,3
4249,3
4250,3
4251,3
4252,3
4253,3
4254,3
4255,3
4256,3
4257,3
4258,3
4259,3
4260,3
4261,3
4262,3
4263,3
4264,3
4265,3
4266,3
4267,3
4268,3
4269,3
4270,3
4271,3
4272,3
4273,3
4274,3
4275,3
4276,3
4277,3
4278,3
4279,3
4280,3
4281,3
4282,3
4283,3
4284,3
4285,3
4286,3
4287,3
4288,3
4289,3
4290,3
4291,3
4292,3
4293,3
4294,3
4295,3
4296,3
4297,3
4298,3
4299,3
4300,3
4301,3
4302,3
4303,3
4304,3
4305,3
4306,3
4307,3
4308,3
4309,3
4310,3
4311,3
4312,3
4313,3
4314,3
4315,3
4316,3
4317,3
4318,3
4319,3
4320,3
4321,3
4322,3
4323,3
4324,3
4325,3
4326,3
4327,3
4328,3
4329,3
4330,3
4331,3
4332,3
4333,3
4334,3
4335,3
4336,3
4337,3
4338,3
4339,3
4340,3
4341,3
4342,3
4343,3
4344,3
4345,3
4346,3
4347,3
4348,3
4349,3
4350,3
4351,3
4352,3
4353,3
4354,3
4355,3
4356,3
4357,3
4358,3
4359,3
4360,3
4361,3
4362,3
4363,3
4364,3
4365,3
4366,3
4367,3
4368,3
4369,3
4370,3
4371,3
4372,3
4373,3
4374,3
4375,3
4376,3
4377,3
4378,3
4379,3
4380,3
4381,3
4382,3
4383,3
4384,3
4385,3
4386,3
4387,3
4388,3
4389,3
4390,3
4391,2
4392,2
4393,2
4394,2
4395,2
4396,2
4397,2
4398,2
4399,2
4400,2
4401,2
4402,2
4403,2
4404,2
4405,2
4406,2
4407,2
4408,2
4409,2
4410,2
4411,2
4412,2
4413,2
4414,2
4415,2
4416,2
4417,2
4418,2
4419,2
4420,2
4421,2
4422,2
4423,2
4424,2
4425,2
4426,2
4427,2
4428,2
4429,2
4430,2
4431,2
4432,2
4433,2
4434,2
4435,2
4436,2
4437,2
4438,2
4439,2
4440,2
4441,2
4442,2
4443,2
4444,2
4445,2
4446,2
4447,2
4448,2
4449,2
4450,2
4451,2
4452,2
4453,2
4454,2
4455,2
4456,2
4457,2
4458,2
4459,2
4460,2
4461,2
4462,2
4463,2
4464,2
4465,2
4466,2
4467,2
4468,2
4469,2
4470,2
4471,2
4472,2
4473,2
4474,2
4475,2
4476,2
4477,2
4478,2
4479,2
4480,2
4481,2
4482,2
4483,2
4484,2
4485,2
4486,2
4487,2
4488,2
4489,2
4490,2
4491,2
4492,2
4493,2
4494,2
4495,2
4496,2
4497,2
4498,2
4499,2
4500,2
4501,2
4502,2
4503,2
4504,2
4505,2
4506,2
4507,3
4508,3
4509,3
4510,3
4511,3
4512,3
4513,3
4514,3
4515,3
4516,3
4517,3
4518,3
4519,3
4520,3
4521,3
4522,3
4523,3
4524,3
4525,3
4526,3
4527,3
4528,3
4529,3
4530,3
4531,3
4532,3
4533,3
4534,2
4535,2
4536,2
4537,2
4538,2
4539,2
4540,2
4541,2
4542,2
4543,2
4544,2
4545,2
4546,2
4547,2
4548,0
4549,0
4550,0
4551,0
4552,0
4553,0
4554,0
4555,0
4556,0
4557,0
4558,0
4559,0
4560,0
4561,0
4562,0
4563,0
4564,0
4565,0
4566,0
4567,0
4568,0
4569,0
4570,0
4571,0
4572,0
4573,0
4574,0
4575,0
4576,0
4577,0
4578,2
4579,2
4580,3
4581,3
4582,3
4583,3
4584,3
4585,3
4586,3
4587,3
4588,3
4589,3
4590,3
4591,3
4592,3
4593,3
4594,3
4595,3
4596,3
4597,3
4598,3
4599,3
4600,3
4601,3
4602,3
4603,3
4604,3
4605,3
4606,3
4607,3
4608,3
4609,3
4610,3
4611,3
4612,3
4613,3
4614,3
4615,3
4616,3
4617,3
4618,3
4619,3
4620,3
4621,3
4622,3
4623,3
4624,3
4625,3
4626,3
4627,3
4628,4
4629,4
4630,4
4631,4
4632,4
4633,4
4634,4
4635,4
4636,4
4637,4
4638,4
4639,4
4640,4
4641,4
4642,4
4643,4
4644,4
4645,4
4646,4
4647,4
4648,4
4649,4
4650,4
4651,4
4652,4
4653,4
4654,4
4655,4
4656,4
4657,4
4658,4
4659,4
4660,4
4661,4
4662,4
4663,3
4664,3
4665,3
4666,3
4667,3
4668,3
4669,3
4670,3
4671,3
4672,3
4673,3
4674,3
4675,3
4676,3
4677,3
4678,3
4679,3
4680,3
4681,3
4682,3
4683,3
4684,3
4685,3
4686,3
4687,3
4688,3
4689,3
4690,3
4691,3
4692,3
4693,3
4694,3
4695,3
4696,3
4697,3
4698,3
4699,3
4700,3
4701,3
4702,3
4703,3
4704,3
4705,3
4706,3
4707,3
4708,3
4709,3
4710,3
4711,3
4712,3
4713,3
4714,3
4715,3
4716,3
4717,3
4718,3
4719,3
4720,3
4721,3
4722,3
4723,3
4724,3
4725,3
4726,3
4727,3
4728,3
4729,3
4730,3
4731,3
4732,3
4733,3
4734,3
4735,3
4736,3
4737,3
4738,3
4739,3
4740,3
4741,3
4742,3
4743,3
4744,3
4745,3
4746,3
4747,3
4748,3
4749,3
4750,3
4751,3
4752,3
4753,3
4754,3
4755,3
4756,3
4757,3
4758,3
4759,3
4760,3
4761,3
4762,3
4763,3
4764,3
4765,3
4766,3
4767,3
4768,3
4769,3
4770,3
4771,3
4772,3
4773,3
4774,3
4775,3
4776,3
4777,3
4778,2
4779,2
4780,2
4781,2
4782,2
4783,2
4784,1
4785,1
4786,1
4787,1
4788,1
4789,1
4790,0
4791,0
4792,0
4793,0
4794,0
4795,0
4796,0
4797,0
4798,0
4799,0
4800,0
4801,0
4802,0
4803,0
4804,0
4805,0
4806,0
4807,0
4808,0
4809,0
4810,0
4811,0
4812,0
4813,0
4814,0
4815,0
4816,0
4817,0
4818,0
4819,0
4820,0
4821,0
4822,0
4823,0
4824,0
4825,0
4826,0
4827,0
4828,0
4829,0
4830,0
4831,0
4832,0
4833,0
4834,0
4835,0
4836,0
4837,0
4838,0
4839,0
4840,0
4841,0
4842,0
4843,0
4844,0
4845,0
