1,1
2,1
3,1
4,1
5,1
6,1
7,1
8,1
9,1
10,1
11,1
12,1
13,1
14,1
15,1
16,2
17,2
18,2
19,2
20,2
21,1
22,1
23,1
24,1
25,1
26,1
27,1
28,1
29,1
30,1
31,1
32,1
33,1
34,0
35,0
36,0
37,0
38,0
39,0
40,0
41,0
42,0
43,0
44,0
45,0
46,0
47,0
48,0
49,0
50,0
51,0
52,0
53,0
54,0
55,0
56,0
57,0
58,0
59,0
60,0
61,0
62,0
63,0
64,0
65,0
66,0
67,0
68,0
69,0
70,0
71,0
72,0
73,0
74,0
75,0
76,0
77,0
78,1
79,1
80,1
81,1
82,1
83,1
84,1
85,1
86,1
87,1
88,1
89,1
90,1
91,1
92,2
93,2
94,2
95,2
96,2
97,3
98,3
99,3
100,3
101,3
102,3
103,3
104,3
105,3
106,3
107,3
108,3
109,3
110,3
111,3
112,2
113,2
114,2
115,2
116,2
117,1
118,1
119,1
120,1
121,1
122,1
123,1
124,1
125,1
126,1
127,1
128,1
129,1
130,1
131,1
132,1
133,1
134,1
135,1
136,1
137,1
138,1
139,1
140,1
141,1
142,1
143,1
144,1
145,1
146,1
147,1
148,1
149,1
150,1
151,1
152,1
153,1
154,1
155,1
156,1
157,1
158,1
159,1
160,1
161,1
162,1
163,1
164,1
165,1
166,1
167,1
168,1
169,1
170,1
171,1
172,1
173,1
174,1
175,1
176,1
177,1
178,1
179,1
180,1
181,1
182,1
183,1
184,1
185,1
186,1
187,1
188,1
189,1
190,1
191,1
192,1
193,1
194,1
195,1
196,1
197,1
198,1
199,1
200,1
201,1
202,1
203,1
204,1
205,1
206,1
207,1
208,1
209,1
210,1
211,1
212,1
213,1
214,1
215,1
216,1
217,1
218,1
219,1
220,1
221,1
222,1
223,1
224,1
225,1
226,1
227,1
228,1
229,1
230,1
231,1
232,1
233,1
234,1
235,1
236,1
237,1
238,1
239,1
240,1
241,1
242,1
243,1
244,1
245,1
246,1
247,1
248,0
249,0
250,0
251,0
252,0
253,0
254,0
255,0
256,0
257,0
258,0
259,0
260,0
261,0
262,0
263,0
264,0
265,0
266,0
267,0
268,0
269,0
270,0
271,0
272,0
273,0
274,0
275,0
276,0
277,1
278,1
279,1
280,1
281,2
282,2
283,2
284,2
285,2
286,2
287,2
288,2
289,1
290,1
291,1
292,1
293,0
294,0
295,0
296,0
297,0
298,0
299,0
300,0
301,0
302,0
303,0
304,0
305,0
306,0
307,0
308,1
309,1
310,1
311,1
312,1
313,1
314,2
315,2
316,2
317,2
318,2
319,2
320,2
321,2
322,2
323,2
324,2
325,2
326,2
327,2
328,2
329,2
330,2
331,2
332,2
333,2
334,2
335,2
336,2
337,2
338,2
339,2
340,2
341,2
342,2
343,2
344,2
345,2
346,2
347,2
348,2
349,2
350,2
351,2
352,2
353,2
354,2
355,2
356,2
357,2
358,2
359,2
360,1
361,1
362,1
363,1
364,1
365,1
366,1
367,1
368,1
369,1
370,1
371,1
372,0
373,0
374,0
375,0
376,0
377,0
378,0
379,0
380,0
381,0
382,0
383,0
384,0
385,0
386,0
387,0
388,0
389,0
390,0
391,0
392,0
393,0
394,1
395,2
396,2
397,2
398,2
399,2
400,1
401,1
402,1
403,1
404,0
405,0
406,0
407,0
408,0
409,0
410,0
411,0
412,0
413,0
414,0
415,0
416,0
417,0
418,0
419,0
420,0
421,0
422,0
423,0
424,0
425,0
426,0
427,0
428,0
429,0
430,0
431,0
432,0
433,0
434,0
435,0
436,0
437,0
438,0
439,0
440,0
441,0
442,0
443,0
444,0
445,0
446,0
447,0
448,0
449,0
450,0
451,0
452,0
453,0
454,0
455,0
456,0
457,0
458,0
459,0
460,0
461,0
462,0
463,0
464,0
465,0
466,0
467,0
468,0
469,0
470,0
471,0
472,0
473,0
474,0
475,0
476,0
477,0
478,0
479,0
480,0
481,0
482,0
483,0
484,0
485,0
486,0
487,0
488,0
489,0
490,1
491,1
492,1
493,1
494,1
495,1
496,1
497,1
498,1
499,1
500,1
501,1
502,1
503,1
504,1
505,1
506,1
507,1
508,1
509,1
510,1
511,1
512,1
513,1
514,1
515,1
516,1
517,1
518,1
519,1
520,1
521,1
522,1
523,1
524,1
525,1
526,1
527,1
528,1
529,1
530,1
531,1
532,1
533,1
534,1
535,1
536,1
537,1
538,1
539,1
540,1
541,1
542,1
543,1
544,1
545,1
546,1
547,1
548,1
549,1
550,1
551,1
552,1
553,1
554,1
555,1
556,1
557,1
558,1
559,1
560,1
561,1
562,2
563,2
564,2
565,2
566,2
567,2
568,3
569,3
570,3
571,4
572,4
573,4
574,4
575,3
576,3
577,3
578,3
579,3
580,3
581,2
582,2
583,2
584,2
585,2
586,2
587,2
588,2
589,2
590,2
591,2
592,2
593,2
594,2
595,2
596,2
597,2
598,2
599,2
600,2
601,2
602,2
603,2
604,2
605,2
606,2
607,2
608,2
609,2
610,2
611,2
612,2
613,2
614,2
615,2
616,2
617,2
618,2
619,2
620,2
621,2
622,2
623,2
624,2
625,1
626,1
627,1
628,1
629,1
630,1
631,1
632,1
633,1
634,1
635,1
636,1
637,1
638,1
639,1
640,1
641,1
642,1
643,1
644,1
645,1
646,1
647,1
648,1
649,1
650,1
651,1
652,1
653,1
654,1
655,1
656,1
657,1
658,1
659,1
660,1
661,1
662,1
663,1
664,1
665,1
666,2
667,2
668,2
669,2
670,2
671,2
672,2
673,2
674,2
675,2
676,2
677,2
678,2
679,2
680,2
681,2
682,1
683,1
684,1
685,1
686,1
687,1
688,1
689,1
690,1
691,1
692,1
693,1
694,1
695,1
696,1
697,1
698,1
699,1
700,1
701,1
702,1
703,1
704,1
705,1
706,1
707,1
708,1
709,1
710,1
711,1
712,1
713,1
714,1
715,1
716,1
717,1
718,1
719,1
720,1
721,1
722,1
723,1
724,1
725,1
726,1
727,1
728,1
729,1
730,1
731,1
732,1
733,1
734,1
735,1
736,1
737,1
738,1
739,1
740,1
741,1
742,1
743,1
744,1
745,1
746,1
747,1
748,1
749,1
750,1
751,0
752,0
753,0
754,0
755,0
756,0
757,0
758,0
759,0
760,0
761,0
762,0
763,0
764,0
765,0
766,0
767,0
768,0
769,0
770,0
771,0
772,0
773,0
774,0
775,0
776,0
777,0
778,0
779,0
780,0
781,0
782,0
783,0
784,0
785,0
786,0
787,0
788,0
789,0
790,0
791,0
792,0
793,0
794,0
795,0
796,0
797,0
798,0
799,0
800,0
801,0
802,0
803,0
804,0
805,0
806,0
807,0
808,0
809,0
810,0
811,0
812,0
813,0
814,0
815,0
816,0
817,0
818,0
819,0
820,0
821,0
822,0
823,0
824,0
825,0
826,0
827,0
828,0
829,0
830,0
831,0
832,0
833,0
834,0
835,0
836,0
837,0
838,0
839,0
840,0
841,0
842,0
843,0
844,0
845,0
846,0
847,0
848,0
849,0
850,0
851,0
852,1
853,2
854,2
855,3
856,3
857,3
858,3
859,3
860,3
861,2
862,2
863,2
864,2
865,2
866,2
867,2
868,2
869,2
870,2
871,2
872,2
873,2
874,2
875,2
876,2
877,2
878,1
879,1
880,1
881,1
882,1
883,1
884,1
885,1
886,1
887,0
888,0
889,0
890,0
891,0
892,0
893,0
894,0
895,0
896,0
897,0
898,0
899,0
900,0
901,0
902,0
903,0
904,0
905,0
906,0
907,0
908,0
909,0
910,0
911,0
912,0
913,0
914,0
915,0
916,0
917,0
918,0
919,0
920,0
921,0
922,0
923,0
924,0
925,0
926,0
927,0
928,0
929,0
930,0
931,0
932,0
933,0
934,0
935,0
936,0
937,0
938,0
939,0
940,0
941,0
942,0
943,0
944,0
945,0
946,0
947,0
948,0
949,0
950,0
951,0
952,0
953,0
954,0
955,0
956,0
957,0
958,0
959,0
960,0
961,0
962,0
963,0
964,0
965,0
966,0
967,0
968,1
969,1
970,1
971,1
972,1
973,2
974,2
975,1
976,1
977,1
978,1
979,1
980,1
981,1
982,1
983,1
984,1
985,1
986,1
987,1
988,1
989,1
990,1
991,1
992,1
993,1
994,1
995,1
996,1
997,1
998,1
999,1
1000,1
1001,1
1002,1
1003,1
1004,1
1005,1
1006,1
1007,1
1008,1
1009,1
1010,1
1011,1
1012,1
1013,1
1014,1
1015,1
1016,1
1017,1
1018,1
1019,1
1020,0
1021,0
1022,0
1023,0
1024,0
1025,0
1026,0
1027,0
1028,0
1029,0
1030,0
1031,0
1032,0
1033,0
1034,0
1035,0
1036,0
1037,0
1038,0
1039,0
1040,0
1041,0
1042,0
1043,0
1044,0
1045,0
1046,0
1047,0
1048,0
1049,0
1050,0
1051,0
1052,1
1053,1
1054,1
1055,1
1056,1
1057,1
1058,1
1059,1
1060,1
1061,1
1062,1
1063,1
1064,1
1065,1
1066,1
1067,1
1068,1
1069,1
1070,1
1071,1
1072,1
1073,1
1074,1
1075,1
1076,1
1077,1
1078,1
1079,1
1080,1
1081,1
1082,1
1083,1
1084,1
1085,1
1086,1
1087,1
1088,1
1089,1
1090,1
1091,1
1092,1
1093,1
1094,1
1095,1
1096,1
1097,1
1098,1
1099,1
1100,1
1101,1
1102,1
1103,1
1104,1
1105,1
1106,1
1107,1
1108,1
1109,1
1110,1
1111,1
1112,1
1113,1
1114,1
1115,1
1116,1
1117,1
1118,1
1119,1
1120,1
1121,1
1122,1
1123,1
1124,1
1125,1
1126,1
1127,1
1128,1
1129,1
1130,1
1131,1
1132,1
1133,1
1134,1
1135,1
1136,1
1137,1
1138,1
1139,1
1140,1
1141,1
1142,1
1143,1
1144,1
1145,1
1146,1
1147,1
1148,1
1149,1
1150,1
1151,1
1152,1
1153,1
1154,1
1155,1
1156,1
1157,1
1158,1
1159,1
1160,1
1161,1
1162,1
1163,1
1164,1
1165,1
1166,1
1167,1
1168,1
1169,1
1170,1
1171,1
1172,1
1173,1
1174,1
1175,1
1176,1
1177,1
1178,1
1179,1
1180,1
1181,1
1182,1
1183,1
1184,1
1185,1
1186,2
1187,2
1188,2
1189,2
1190,2
1191,2
1192,2
1193,2
1194,2
1195,2
1196,2
1197,2
1198,2
1199,2
1200,2
1201,2
1202,2
1203,2
1204,2
1205,2
1206,2
1207,2
1208,2
1209,2
1210,2
1211,2
1212,2
1213,2
1214,2
1215,2
1216,2
1217,2
1218,2
1219,1
1220,1
1221,1
1222,1
1223,1
1224,1
1225,1
1226,1
1227,1
1228,1
1229,1
1230,1
1231,1
1232,1
1233,1
1234,1
1235,1
1236,1
1237,1
1238,1
1239,1
1240,1
1241,1
1242,1
1243,1
1244,1
1245,1
1246,1
1247,1
1248,1
1249,1
1250,1
1251,1
1252,1
1253,0
1254,0
1255,0
1256,0
1257,0
1258,0
1259,0
1260,0
1261,0
1262,0
1263,0
1264,0
1265,0
1266,0
1267,0
1268,0
1269,0
1270,0
1271,0
1272,0
1273,0
1274,0
1275,0
1276,0
1277,0
1278,0
1279,0
1280,0
1281,0
1282,0
1283,0
1284,0
1285,0
1286,0
1287,0
1288,0
1289,0
1290,0
1291,0
1292,0
1293,0
1294,0
1295,0
1296,0
1297,0
1298,0
1299,0
1300,0
1301,0
1302,0
1303,0
1304,0
1305,0
1306,0
1307,0
1308,0
1309,0
1310,0
1311,0
1312,0
1313,0
1314,0
1315,0
1316,0
1317,0
1318,0
1319,0
1320,1
1321,1
1322,1
1323,1
1324,1
1325,1
1326,1
1327,1
1328,1
1329,1
1330,1
1331,1
1332,1
1333,1
1334,1
1335,1
1336,1
1337,1
1338,1
1339,1
1340,1
1341,1
1342,1
1343,1
1344,1
1345,1
1346,1
1347,1
1348,1
1349,1
1350,1
1351,1
1352,1
1353,1
1354,1
1355,1
1356,1
1357,1
1358,1
1359,1
1360,1
1361,1
1362,1
1363,1
1364,1
1365,1
1366,1
1367,1
1368,1
1369,1
1370,1
1371,1
1372,1
1373,1
1374,1
1375,0
1376,0
1377,0
1378,0
1379,0
1380,0
1381,0
1382,0
1383,0
1384,0
1385,0
1386,0
1387,1
1388,1
1389,1
1390,1
1391,1
1392,1
1393,1
1394,1
1395,1
1396,1
1397,1
1398,1
1399,1
1400,1
1401,1
1402,1
1403,1
1404,1
1405,1
1406,1
1407,1
1408,1
1409,1
1410,1
1411,1
1412,1
1413,1
1414,1
1415,1
1416,1
1417,1
1418,1
1419,1
1420,1
1421,1
1422,1
1423,1
1424,1
1425,1
1426,1
1427,1
1428,1
1429,1
1430,1
1431,1
1432,1
1433,1
1434,1
1435,1
1436,1
1437,1
1438,1
1439,1
1440,1
1441,1
1442,1
1443,1
1444,1
1445,1
1446,1
1447,1
1448,1
1449,1
1450,1
1451,1
1452,1
1453,1
1454,1
1455,1
1456,1
1457,1
1458,1
1459,1
1460,1
1461,1
1462,1
1463,1
1464,1
1465,1
1466,1
1467,1
1468,1
1469,1
1470,1
1471,1
1472,1
1473,1
1474,1
1475,1
1476,1
1477,1
1478,1
1479,1
1480,1
1481,1
1482,1
1483,1
1484,1
1485,1
1486,1
1487,1
1488,1
1489,1
1490,1
1491,1
1492,1
1493,1
1494,1
1495,1
1496,1
1497,1
1498,1
1499,1
1500,1
1501,1
1502,1
1503,1
1504,1
1505,1
1506,1
1507,1
1508,1
1509,1
1510,1
1511,1
1512,1
1513,1
1514,1
1515,1
1516,1
1517,1
1518,1
1519,1
1520,1
1521,1
1522,1
1523,1
1524,1
1525,1
1526,1
1527,1
1528,1
1529,1
1530,1
1531,1
1532,1
1533,1
1534,1
1535,1
1536,1
1537,1
1538,1
1539,1
1540,1
1541,1
1542,1
1543,1
1544,1
1545,1
1546,1
1547,1
1548,1
1549,1
1550,1
1551,1
1552,1
1553,1
1554,1
1555,1
1556,1
1557,1
1558,1
1559,1
1560,1
1561,1
1562,1
1563,1
1564,1
1565,1
1566,1
1567,1
1568,1
1569,1
1570,1
1571,1
1572,1
1573,1
1574,1
1575,1
1576,1
1577,1
1578,1
1579,1
1580,1
1581,1
1582,1
1583,1
1584,1
1585,1
1586,1
1587,1
1588,1
1589,1
1590,1
1591,1
1592,0
1593,0
1594,0
1595,0
1596,0
1597,0
1598,0
1599,0
1600,0
1601,0
1602,0
1603,0
1604,0
1605,0
1606,0
1607,0
1608,0
1609,0
1610,0
1611,0
1612,0
1613,0
1614,0
1615,0
1616,0
1617,0
1618,0
1619,0
1620,0
1621,0
1622,0
1623,0
1624,0
1625,0
1626,0
1627,0
1628,0
1629,0
1630,0
1631,0
1632,0
1633,0
1634,0
1635,0
1636,0
1637,0
1638,0
1639,0
1640,0
1641,0
1642,0
1643,0
1644,0
1645,0
1646,0
1647,0
1648,0
1649,0
1650,0
1651,0
1652,0
1653,0
1654,0
1655,0
1656,0
1657,0
1658,0
1659,0
1660,0
1661,0
1662,0
1663,0
1664,0
1665,0
1666,0
1667,0
1668,0
1669,0
1670,0
1671,0
1672,0
1673,0
1674,0
1675,0
1676,0
1677,0
1678,0
1679,0
1680,0
1681,0
1682,0
1683,0
1684,0
1685,0
1686,0
1687,0
1688,0
1689,0
1690,0
1691,0
1692,0
1693,0
1694,0
1695,0
1696,0
1697,0
1698,0
1699,0
1700,0
1701,0
1702,0
1703,0
1704,0
1705,0
1706,0
1707,0
1708,0
1709,0
1710,0
1711,0
1712,0
1713,0
1714,0
1715,0
1716,0
1717,0
1718,0
1719,0
1720,0
1721,0
1722,0
1723,0
1724,0
1725,0
1726,0
1727,0
1728,0
1729,0
1730,0
1731,0
1732,0
1733,0
1734,0
1735,0
1736,0
1737,0
1738,0
1739,0
1740,0
1741,0
1742,0
1743,0
1744,0
1745,0
1746,0
1747,0
1748,0
1749,0
1750,0
1751,0
1752,0
1753,0
1754,0
1755,0
1756,0
1757,0
1758,0
1759,0
1760,0
1761,0
1762,0
1763,0
1764,0
1765,0
1766,0
1767,0
1768,0
1769,0
1770,0
1771,0
1772,0
1773,0
1774,0
1775,0
1776,0
1777,0
1778,0
1779,0
1780,0
1781,0
1782,0
1783,0
1784,0
1785,0
1786,0
1787,0
1788,0
1789,0
1790,0
1791,0
1792,0
1793,0
1794,0
1795,0
1796,0
1797,0
1798,0
1799,0
1800,0
1801,0
1802,0
1803,0
1804,0
1805,0
1806,0
1807,0
1808,0
1809,0
1810,0
1811,0
1812,0
1813,0
1814,0
1815,0
1816,0
1817,0
1818,0
1819,0
1820,0
1821,0
1822,0
1823,0
1824,0
1825,0
1826,0
1827,0
1828,0
1829,0
1830,0
1831,0
1832,0
1833,0
1834,0
1835,0
1836,1
1837,1
1838,1
1839,1
1840,1
1841,2
1842,2
1843,2
1844,2
1845,2
1846,2
1847,2
1848,2
1849,3
1850,3
1851,3
1852,3
1853,3
1854,3
1855,3
1856,3
1857,3
1858,3
1859,3
1860,3
1861,3
1862,3
1863,3
1864,3
1865,3
1866,3
1867,3
1868,3
1869,3
1870,2
1871,2
1872,2
1873,2
1874,2
1875,2
1876,2
1877,2
1878,2
1879,2
1880,2
1881,2
1882,2
1883,2
1884,1
1885,1
1886,1
1887,1
1888,1
1889,1
1890,1
1891,1
1892,1
1893,1
1894,1
1895,1
1896,1
1897,1
1898,1
1899,1
1900,1
1901,1
1902,1
1903,1
1904,1
1905,1
1906,1
1907,1
1908,1
1909,1
1910,1
1911,1
1912,1
1913,1
1914,1
1915,1
1916,1
1917,1
1918,1
1919,1
1920,1
1921,1
1922,1
1923,1
1924,1
1925,1
1926,1
1927,0
1928,0
1929,0
1930,0
1931,0
1932,0
1933,0
1934,0
1935,0
1936,0
1937,0
1938,0
1939,0
1940,0
1941,0
1942,1
1943,1
1944,1
1945,1
1946,1
1947,1
1948,1
1949,1
1950,1
1951,1
1952,1
1953,1
1954,1
1955,1
1956,1
1957,1
1958,1
1959,1
1960,1
1961,1
1962,1
1963,1
1964,1
1965,1
1966,1
1967,1
1968,1
1969,1
1970,1
1971,1
1972,1
1973,1
1974,1
1975,1
1976,1
1977,1
1978,1
1979,1
1980,1
1981,1
1982,1
1983,1
1984,1
1985,1
1986,1
1987,1
1988,1
1989,1
1990,1
1991,1
1992,1
1993,1
1994,1
1995,1
1996,1
1997,1
1998,1
1999,1
2000,1
2001,1
2002,1
2003,1
2004,1
2005,1
2006,1
2007,1
2008,1
2009,1
2010,1
2011,1
2012,1
2013,1
2014,1
2015,1
2016,1
2017,1
2018,1
2019,1
2020,1
2021,1
2022,1
2023,1
2024,1
2025,1
2026,1
2027,1
2028,1
2029,1
2030,1
2031,1
2032,1
2033,1
2034,1
2035,1
2036,1
2037,1
2038,1
2039,1
2040,1
2041,1
2042,1
2043,1
2044,1
2045,1
2046,1
2047,1
2048,1
2049,1
2050,1
2051,1
2052,1
2053,1
2054,1
2055,1
2056,1
2057,1
2058,1
2059,1
2060,1
2061,1
2062,1
2063,1
2064,1
2065,1
2066,1
2067,1
2068,1
2069,1
2070,1
2071,1
2072,1
2073,1
2074,1
2075,1
2076,1
2077,1
2078,1
2079,1
2080,1
2081,1
2082,1
2083,1
2084,1
2085,1
2086,1
2087,1
2088,1
2089,1
2090,1
2091,1
2092,1
2093,1
2094,1
2095,1
2096,1
2097,1
2098,1
2099,1
2100,1
2101,1
2102,1
2103,1
2104,1
2105,1
2106,1
2107,1
2108,1
2109,1
2110,1
2111,1
2112,1
2113,1
2114,1
2115,1
2116,1
2117,1
2118,1
2119,1
2120,1
2121,1
2122,1
2123,1
2124,1
2125,1
2126,1
2127,1
2128,1
2129,1
2130,1
2131,1
2132,1
2133,1
2134,1
2135,1
2136,1
2137,1
2138,1
2139,1
2140,1
2141,1
2142,1
2143,1
2144,1
2145,1
2146,1
2147,1
2148,1
2149,1
2150,1
2151,1
2152,1
2153,1
2154,1
2155,1
2156,1
2157,1
2158,1
2159,1
2160,1
2161,1
2162,1
2163,1
2164,1
2165,1
2166,1
2167,1
2168,1
2169,1
2170,1
2171,1
2172,1
2173,1
2174,1
2175,1
2176,1
2177,1
2178,1
2179,1
2180,1
2181,1
2182,1
2183,1
2184,1
2185,1
2186,1
2187,1
2188,1
2189,1
2190,1
2191,1
2192,1
2193,1
2194,1
2195,1
2196,1
2197,1
2198,1
2199,1
2200,1
2201,1
2202,1
2203,1
2204,1
2205,1
2206,1
2207,1
2208,1
2209,1
2210,1
2211,1
2212,1
2213,1
2214,1
2215,1
2216,1
2217,1
2218,1
2219,1
2220,1
2221,1
2222,1
2223,1
2224,1
2225,1
2226,1
2227,1
2228,1
2229,1
2230,1
2231,1
2232,1
2233,1
2234,1
2235,1
2236,1
2237,1
2238,1
2239,1
2240,1
2241,1
2242,1
2243,1
2244,1
2245,1
2246,1
2247,1
2248,1
2249,1
2250,1
2251,1
2252,1
2253,1
2254,1
2255,1
2256,1
2257,1
2258,1
2259,1
2260,1
2261,1
2262,1
2263,1
2264,1
2265,1
2266,1
2267,1
2268,1
2269,1
2270,1
2271,1
2272,1
2273,1
2274,1
2275,1
2276,1
2277,1
2278,1
2279,1
2280,1
2281,1
2282,1
2283,1
2284,1
2285,1
2286,1
2287,1
2288,1
2289,1
2290,1
2291,1
2292,1
2293,1
2294,1
2295,1
2296,1
2297,1
2298,1
2299,1
2300,1
2301,1
2302,1
2303,1
2304,1
2305,1
2306,1
2307,1
2308,1
2309,1
2310,1
2311,1
2312,1
2313,1
2314,1
2315,1
2316,1
2317,1
2318,1
2319,1
2320,1
2321,1
2322,1
2323,1
2324,1
2325,1
2326,1
2327,1
2328,1
2329,1
2330,1
2331,1
2332,1
2333,1
2334,1
2335,1
2336,1
2337,1
2338,1
2339,1
2340,1
2341,1
2342,1
2343,1
2344,1
2345,1
2346,1
2347,1
2348,1
2349,1
2350,1
2351,1
2352,1
2353,1
2354,1
2355,1
2356,1
2357,1
2358,1
2359,1
2360,1
2361,1
2362,1
2363,1
2364,1
2365,1
2366,1
2367,1
2368,1
2369,1
2370,1
2371,1
2372,1
2373,1
2374,1
2375,1
2376,1
2377,1
2378,1
2379,1
2380,1
2381,1
2382,1
2383,1
2384,1
2385,1
2386,1
2387,1
2388,1
2389,1
2390,1
2391,1
2392,1
2393,1
2394,1
2395,1
2396,1
2397,1
2398,1
2399,1
2400,1
2401,1
2402,1
2403,1
2404,1
2405,1
2406,1
2407,1
2408,1
2409,1
2410,1
2411,1
2412,1
2413,1
2414,1
2415,1
2416,1
2417,1
2418,1
2419,1
2420,1
2421,1
2422,1
2423,1
2424,1
2425,1
2426,1
2427,1
2428,1
2429,1
2430,1
2431,1
2432,1
2433,1
2434,1
2435,1
2436,1
2437,1
2438,1
2439,1
2440,1
2441,1
2442,1
2443,1
2444,1
2445,1
2446,1
2447,1
2448,1
2449,1
2450,1
2451,1
2452,1
2453,1
2454,1
2455,1
2456,1
2457,1
2458,1
2459,1
2460,1
2461,1
2462,1
2463,1
2464,1
2465,1
2466,1
2467,1
2468,1
2469,1
2470,1
2471,1
2472,1
2473,1
2474,1
2475,1
2476,1
2477,1
2478,1
2479,1
2480,1
2481,1
2482,1
2483,1
2484,1
2485,1
2486,1
2487,1
2488,1
2489,1
2490,1
2491,1
2492,1
2493,1
2494,1
2495,1
2496,1
2497,1
2498,1
2499,1
2500,1
2501,1
2502,1
2503,1
2504,1
2505,1
2506,1
2507,1
2508,1
2509,1
2510,1
2511,1
2512,1
2513,1
2514,1
2515,1
2516,1
2517,1
2518,1
2519,1
2520,1
2521,1
2522,1
2523,1
2524,1
2525,1
2526,1
2527,1
2528,1
2529,1
2530,1
2531,1
2532,1
2533,1
2534,1
2535,1
2536,1
2537,1
2538,1
2539,1
2540,1
2541,1
2542,1
2543,1
2544,1
2545,1
2546,1
2547,1
2548,1
2549,1
2550,1
2551,1
2552,1
2553,1
2554,1
2555,1
2556,1
2557,1
2558,1
2559,1
2560,1
2561,1
2562,1
2563,1
2564,1
2565,1
2566,1
2567,1
2568,1
2569,1
2570,1
2571,1
2572,1
2573,1
2574,1
2575,1
2576,1
2577,1
2578,1
2579,1
2580,1
2581,1
2582,1
2583,1
2584,1
2585,1
2586,1
2587,1
2588,1
2589,1
2590,1
2591,1
2592,1
2593,1
2594,1
2595,1
2596,1
2597,1
2598,1
2599,1
2600,1
2601,1
2602,1
2603,1
2604,1
2605,1
2606,1
2607,1
2608,1
2609,1
2610,1
2611,1
2612,1
2613,1
2614,1
2615,1
2616,1
2617,1
2618,1
2619,1
2620,1
2621,0
2622,0
2623,0
2624,0
2625,0
2626,0
2627,0
2628,0
2629,0
2630,0
2631,0
2632,0
2633,0
2634,0
2635,0
2636,0
2637,0
2638,0
2639,0
2640,0
2641,0
2642,0
2643,0
2644,0
2645,0
2646,0
2647,0
2648,0
2649,0
2650,0
2651,0
2652,0
2653,0
2654,0
2655,0
2656,0
2657,0
2658,0
2659,0
2660,0
2661,0
2662,0
2663,0
2664,0
2665,0
2666,0
2667,0
2668,0
2669,0
2670,0
2671,0
2672,0
2673,0
2674,0
2675,0
2676,0
2677,0
2678,0
2679,0
2680,0
2681,0
2682,0
2683,0
2684,0
2685,0
2686,0
2687,0
2688,0
2689,0
2690,0
2691,0
2692,0
2693,0
2694,0
2695,0
2696,0
2697,0
2698,0
2699,0
2700,0
2701,0
2702,0
2703,0
2704,0
2705,0
2706,0
2707,0
2708,0
2709,0
2710,0
2711,0
2712,0
2713,0
2714,0
2715,0
2716,0
2717,0
2718,0
2719,0
2720,0
2721,0
2722,0
2723,0
2724,0
2725,0
2726,0
2727,0
2728,0
2729,0
2730,0
2731,0
2732,0
2733,0
2734,0
2735,0
2736,0
2737,0
2738,0
2739,0
2740,0
2741,1
2742,1
2743,1
2744,1
2745,1
2746,1
2747,1
2748,1
2749,1
2750,1
2751,1
2752,1
2753,1
2754,1
2755,1
2756,1
2757,1
2758,1
2759,1
2760,1
2761,1
2762,1
2763,1
2764,1
2765,1
2766,1
2767,1
2768,1
2769,1
2770,1
2771,1
2772,1
2773,1
2774,1
2775,1
2776,1
2777,1
2778,1
2779,1
2780,1
2781,1
2782,1
2783,1
2784,1
2785,1
2786,1
2787,1
2788,0
2789,0
2790,0
2791,0
2792,0
2793,0
2794,0
2795,0
2796,0
2797,0
2798,0
2799,0
2800,0
2801,0
2802,0
2803,0
2804,0
2805,0
2806,0
2807,0
2808,0
2809,0
2810,0
2811,0
2812,0
2813,0
2814,0
2815,0
2816,0
2817,0
2818,0
2819,0
2820,0
2821,0
2822,0
2823,0
2824,0
2825,0
2826,0
2827,0
2828,0
2829,0
2830,0
2831,0
2832,0
2833,0
2834,0
2835,0
2836,0
2837,0
2838,0
2839,0
2840,0
2841,0
2842,0
2843,0
2844,0
2845,0
2846,0
2847,0
2848,0
2849,0
2850,0
2851,0
2852,0
2853,0
2854,0
2855,0
2856,0
2857,0
2858,0
2859,0
2860,0
2861,0
2862,0
2863,0
2864,0
2865,0
2866,0
2867,0
2868,0
2869,0
2870,0
2871,0
2872,0
2873,0
2874,0
2875,0
2876,0
2877,0
2878,0
2879,0
2880,0
2881,0
2882,0
2883,0
2884,0
2885,0
2886,0
2887,0
2888,0
2889,0
2890,0
2891,0
2892,0
2893,0
2894,0
2895,0
2896,0
2897,0
2898,0
2899,0
2900,0
2901,0
2902,0
2903,0
2904,0
2905,0
2906,0
2907,0
2908,0
2909,0
2910,0
2911,0
2912,0
2913,0
2914,0
2915,0
2916,0
2917,0
2918,0
2919,0
2920,0
2921,0
2922,0
2923,0
2924,0
2925,0
2926,0
2927,0
2928,0
2929,0
2930,0
2931,0
2932,0
2933,0
2934,0
2935,0
2936,0
2937,0
2938,0
2939,0
2940,0
2941,0
2942,0
2943,0
2944,0
2945,0
2946,0
2947,0
2948,0
2949,0
2950,0
2951,0
2952,0
2953,0
2954,0
2955,0
2956,0
2957,0
2958,0
2959,0
2960,0
2961,0
2962,0
2963,0
2964,0
2965,0
2966,1
2967,1
2968,1
2969,2
2970,2
2971,2
2972,2
2973,2
2974,2
2975,2
2976,1
2977,1
2978,1
2979,1
2980,1
2981,1
2982,1
2983,1
2984,1
2985,1
2986,1
2987,0
2988,0
2989,0
2990,0
2991,0
2992,0
2993,0
2994,0
2995,0
2996,0
2997,0
2998,0
2999,0
3000,0
3001,0
3002,0
3003,0
3004,0
3005,0
3006,0
3007,0
3008,0
3009,0
3010,0
3011,0
3012,0
3013,0
3014,0
3015,0
3016,0
3017,0
3018,0
3019,0
3020,0
3021,0
3022,0
3023,0
3024,0
3025,0
3026,0
3027,0
3028,0
3029,0
3030,0
3031,0
3032,0
3033,0
3034,0
3035,0
3036,0
3037,0
3038,0
3039,0
3040,0
3041,0
3042,0
3043,0
3044,0
3045,0
3046,0
3047,0
3048,0
3049,0
3050,0
3051,0
3052,0
3053,0
3054,0
3055,0
3056,0
3057,0
3058,0
3059,0
3060,0
3061,0
3062,0
3063,0
3064,0
3065,0
3066,0
3067,0
3068,0
3069,0
3070,0
3071,0
3072,0
3073,0
3074,0
3075,0
3076,0
3077,0
3078,0
3079,0
3080,0
3081,0
3082,0
3083,0
3084,0
3085,0
3086,0
3087,0
3088,0
3089,0
3090,0
3091,0
3092,0
3093,0
3094,0
3095,0
3096,0
3097,0
3098,0
3099,0
3100,0
3101,0
3102,0
3103,0
3104,0
3105,0
3106,0
3107,0
3108,0
3109,0
3110,0
3111,0
3112,0
3113,0
3114,0
3115,0
3116,0
3117,0
3118,0
3119,0
3120,0
3121,0
3122,0
3123,0
3124,0
3125,0
3126,0
3127,0
3128,0
3129,0
3130,0
3131,0
3132,0
3133,0
3134,0
3135,0
3136,0
3137,0
3138,0
3139,0
3140,0
3141,0
3142,0
3143,0
3144,0
3145,0
3146,0
3147,0
3148,0
3149,0
3150,0
3151,0
3152,0
3153,0
3154,0
3155,0
3156,0
3157,0
3158,0
3159,0
3160,0
3161,0
3162,0
3163,0
3164,0
3165,0
3166,0
3167,0
3168,0
3169,0
3170,0
3171,0
3172,0
3173,0
3174,0
3175,0
3176,0
3177,0
3178,0
3179,0
3180,0
3181,0
3182,0
3183,0
3184,0
3185,0
3186,0
3187,0
3188,0
3189,0
3190,0
3191,0
3192,0
3193,0
3194,0
3195,0
3196,0
3197,0
3198,0
3199,0
3200,0
3201,0
3202,0
3203,0
3204,0
3205,0
3206,0
3207,0
3208,0
3209,0
3210,0
3211,0
3212,0
3213,0
3214,0
3215,0
3216,0
3217,0
3218,0
3219,0
3220,0
3221,0
3222,0
3223,0
3224,0
3225,0
3226,0
3227,0
3228,0
3229,0
3230,0
3231,0
3232,0
3233,0
3234,0
3235,0
3236,0
3237,0
3238,0
3239,0
3240,0
3241,0
3242,0
3243,0
3244,0
3245,0
3246,0
3247,0
3248,0
3249,0
3250,0
3251,0
3252,0
3253,0
3254,0
3255,0
3256,0
3257,0
3258,0
3259,0
3260,0
3261,0
3262,0
3263,0
3264,0
3265,0
3266,0
3267,0
3268,0
3269,0
3270,0
3271,0
3272,0
3273,0
3274,0
3275,0
3276,0
3277,0
3278,0
3279,0
3280,0
3281,0
3282,0
3283,0
3284,0
3285,0
3286,0
3287,0
3288,0
3289,0
3290,1
3291,1
3292,1
3293,1
3294,1
3295,1
3296,1
3297,1
3298,1
3299,1
3300,1
3301,1
3302,0
3303,0
3304,0
3305,0
3306,0
3307,0
3308,0
3309,0
3310,0
3311,0
3312,0
3313,0
3314,0
3315,0
3316,0
3317,0
3318,0
3319,0
3320,0
3321,0
3322,0
3323,0
3324,0
3325,0
3326,0
3327,0
3328,0
3329,0
3330,0
3331,0
3332,0
3333,0
3334,0
3335,0
3336,0
3337,0
3338,0
3339,0
3340,0
3341,0
3342,0
3343,0
3344,0
3345,0
3346,0
3347,0
3348,0
3349,0
3350,0
3351,0
3352,0
3353,0
3354,0
3355,0
3356,0
3357,0
3358,0
3359,0
3360,0
3361,0
3362,0
3363,0
3364,0
3365,0
3366,0
3367,0
3368,0
3369,0
3370,0
3371,0
3372,0
3373,0
3374,1
3375,1
3376,1
3377,1
3378,1
3379,2
3380,2
3381,1
3382,1
3383,1
3384,0
3385,0
3386,0
3387,0
3388,0
3389,0
3390,0
3391,0
3392,0
3393,0
3394,0
3395,0
3396,0
3397,0
3398,0
3399,0
3400,0
3401,0
3402,0
3403,0
3404,0
3405,0
3406,0
3407,0
3408,0
3409,0
3410,0
3411,0
3412,0
3413,0
3414,0
3415,0
3416,0
3417,0
3418,0
3419,0
3420,0
3421,0
3422,0
3423,0
3424,0
3425,0
3426,0
3427,0
3428,0
3429,0
3430,0
3431,0
3432,0
3433,0
3434,0
3435,0
3436,0
3437,0
3438,0
3439,0
3440,0
3441,0
3442,0
3443,0
3444,0
3445,0
3446,0
3447,0
3448,0
3449,0
3450,0
3451,0
3452,0
3453,0
3454,0
3455,0
3456,0
3457,0
3458,0
3459,0
3460,0
3461,0
3462,0
3463,0
3464,0
3465,0
3466,0
3467,0
3468,0
3469,0
3470,0
3471,0
3472,0
3473,0
3474,0
3475,0
3476,0
3477,0
3478,0
3479,0
3480,0
3481,0
3482,0
3483,0
3484,0
3485,0
3486,0
3487,0
3488,0
3489,0
3490,0
3491,0
3492,0
3493,0
3494,0
3495,0
3496,0
3497,0
3498,0
3499,0
3500,0
3501,0
3502,0
3503,0
3504,0
3505,0
3506,0
3507,0
3508,0
3509,0
3510,0
3511,0
3512,0
3513,0
3514,0
3515,0
3516,0
3517,0
3518,0
3519,0
3520,0
3521,0
3522,0
3523,0
3524,0
3525,0
3526,0
3527,0
3528,0
3529,0
3530,0
3531,0
3532,0
3533,0
3534,0
3535,0
3536,0
3537,0
3538,0
3539,0
3540,0
3541,0
3542,0
3543,0
3544,0
3545,0
3546,0
3547,0
3548,0
3549,0
3550,0
3551,0
3552,0
3553,0
3554,0
3555,0
3556,0
3557,0
3558,0
3559,0
3560,0
3561,0
3562,0
3563,0
3564,0
3565,0
3566,0
3567,0
3568,0
3569,0
3570,0
3571,0
3572,0
3573,0
3574,0
3575,0
3576,0
3577,0
3578,0
3579,0
3580,0
3581,0
3582,0
3583,0
3584,0
3585,0
3586,0
3587,0
3588,0
3589,0
3590,0
3591,0
3592,0
3593,0
3594,0
3595,0
3596,0
3597,0
3598,0
3599,0
3600,0
3601,0
3602,0
3603,0
3604,0
3605,0
3606,0
3607,0
3608,0
3609,0
3610,0
3611,0
3612,0
3613,0
3614,0
3615,0
3616,0
3617,0
3618,0
3619,0
3620,0
3621,0
3622,0
3623,0
3624,0
3625,0
3626,0
3627,0
3628,0
3629,0
3630,0
3631,0
3632,0
3633,0
3634,0
3635,0
3636,0
3637,0
3638,0
3639,0
3640,0
3641,0
3642,0
3643,0
3644,0
3645,0
3646,0
3647,0
3648,0
3649,0
3650,0
3651,0
3652,0
3653,0
3654,0
3655,0
3656,0
3657,0
3658,0
3659,0
3660,0
3661,0
3662,0
3663,0
3664,0
3665,0
3666,0
3667,0
3668,0
3669,0
3670,0
3671,0
3672,0
3673,0
3674,0
3675,0
3676,0
3677,0
3678,0
3679,0
3680,0
3681,0
3682,0
3683,0
3684,0
3685,0
3686,0
3687,0
3688,0
3689,0
3690,0
3691,0
3692,0
3693,0
3694,0
3695,0
3696,0
3697,0
3698,0
3699,0
3700,0
3701,0
3702,0
3703,0
3704,0
3705,0
3706,0
3707,0
3708,0
3709,0
3710,0
3711,0
3712,0
3713,0
3714,0
3715,0
3716,0
3717,0
3718,0
3719,0
3720,0
3721,0
3722,0
3723,0
3724,0
3725,0
3726,0
3727,0
3728,0
3729,0
3730,0
3731,0
3732,0
3733,0
3734,0
3735,0
3736,0
3737,0
3738,0
3739,0
3740,0
3741,0
3742,0
3743,0
3744,0
3745,0
3746,0
3747,0
3748,0
3749,0
3750,0
3751,0
3752,0
3753,0
3754,0
3755,0
3756,0
3757,0
3758,0
3759,0
3760,0
3761,0
3762,0
3763,0
3764,0
3765,0
3766,0
3767,1
3768,1
3769,1
3770,1
3771,1
3772,1
3773,1
3774,1
3775,1
3776,1
3777,1
3778,1
3779,1
3780,1
3781,1
3782,1
3783,1
3784,0
3785,0
3786,0
3787,0
3788,0
3789,0
3790,0
3791,0
3792,0
3793,0
3794,0
3795,0
3796,0
3797,0
3798,0
3799,0
3800,0
3801,0
3802,0
3803,0
3804,0
3805,0
3806,0
3807,0
3808,0
3809,0
3810,0
3811,0
3812,0
3813,0
3814,0
3815,0
3816,0
3817,0
3818,0
3819,0
3820,0
3821,0
3822,0
3823,0
3824,0
3825,0
3826,0
3827,0
3828,0
3829,0
3830,0
3831,0
3832,0
3833,0
3834,0
3835,0
3836,0
3837,0
3838,0
3839,0
3840,0
3841,0
3842,0
3843,0
3844,0
3845,0
3846,0
3847,0
3848,0
3849,0
3850,0
3851,0
3852,0
3853,0
3854,0
3855,0
3856,0
3857,0
3858,0
3859,0
3860,0
3861,0
3862,0
3863,0
3864,0
3865,0
3866,0
3867,0
3868,0
3869,0
3870,0
3871,0
3872,0
3873,0
3874,0
3875,0
3876,0
3877,0
3878,0
3879,0
3880,0
3881,0
3882,0
3883,0
3884,0
3885,0
3886,0
3887,0
3888,0
3889,0
3890,0
3891,0
3892,0
3893,0
3894,0
3895,0
3896,0
3897,0
3898,0
3899,0
3900,0
3901,0
3902,0
3903,0
3904,0
3905,0
3906,0
3907,0
3908,0
3909,0
3910,0
3911,0
3912,0
3913,0
3914,0
3915,0
3916,0
3917,0
3918,0
3919,0
3920,0
3921,0
3922,0
3923,0
3924,0
3925,0
3926,0
3927,0
3928,0
3929,0
3930,0
3931,0
3932,0
3933,0
3934,0
3935,0
3936,0
3937,0
3938,0
3939,0
3940,0
3941,0
3942,0
3943,0
3944,0
3945,0
3946,0
3947,0
3948,0
3949,0
3950,0
3951,0
3952,0
3953,0
3954,0
3955,0
3956,0
3957,0
3958,0
3959,0
3960,0
3961,0
3962,0
3963,0
3964,0
3965,0
3966,0
3967,0
3968,0
3969,0
3970,0
3971,0
3972,0
3973,0
3974,0
3975,0
3976,0
3977,0
3978,0
3979,0
3980,0
3981,0
3982,0
3983,0
3984,0
3985,0
3986,0
3987,0
3988,0
3989,0
3990,0
3991,0
3992,0
3993,0
3994,0
3995,0
3996,0
3997,0
3998,0
3999,0
4000,0
4001,0
4002,0
4003,0
4004,0
4005,0
4006,0
4007,0
4008,0
4009,0
4010,0
4011,0
4012,0
4013,0
4014,0
4015,0
4016,0
4017,0
4018,0
4019,0
4020,0
4021,0
4022,0
4023,0
4024,0
4025,0
4026,0
4027,0
4028,0
4029,0
4030,0
4031,0
4032,0
4033,0
4034,0
4035,0
4036,0
4037,0
4038,0
4039,0
4040,0
4041,0
4042,0
4043,0
4044,0
4045,0
4046,0
4047,0
4048,0
4049,0
4050,0
4051,0
4052,0
4053,0
4054,0
4055,0
4056,0
4057,0
4058,0
4059,0
4060,0
4061,0
4062,0
4063,0
4064,0
4065,0
4066,0
4067,0
4068,0
4069,0
4070,0
4071,0
4072,0
4073,0
4074,0
4075,0
4076,1
4077,1
4078,1
4079,1
4080,1
4081,1
4082,1
4083,1
4084,1
4085,1
4086,1
4087,1
4088,1
4089,1
4090,1
4091,1
4092,1
4093,1
4094,1
4095,1
4096,1
4097,1
4098,1
4099,1
4100,1
4101,1
4102,1
4103,1
4104,1
4105,1
4106,1
4107,1
4108,1
4109,1
4110,1
4111,1
4112,1
4113,1
4114,1
4115,1
4116,1
4117,1
4118,1
4119,1
4120,1
4121,1
4122,1
4123,1
4124,1
4125,1
4126,1
4127,1
4128,1
4129,1
4130,1
4131,1
4132,1
4133,1
4134,1
4135,1
4136,1
4137,1
4138,1
4139,1
4140,1
4141,1
4142,1
4143,1
4144,1
4145,1
4146,1
4147,1
4148,1
4149,1
4150,1
4151,1
4152,1
4153,1
4154,1
4155,1
4156,1
4157,1
4158,0
4159,0
4160,0
4161,0
4162,0
4163,0
4164,0
4165,0
4166,0
4167,0
4168,0
4169,0
4170,0
4171,0
4172,0
4173,0
4174,0
4175,0
4176,0
4177,0
4178,0
4179,0
4180,0
4181,0
4182,0
4183,0
4184,0
4185,0
4186,0
4187,0
4188,0
4189,0
4190,0
4191,0
4192,0
4193,0
4194,0
4195,0
4196,0
4197,0
4198,0
4199,0
4200,0
4201,0
4202,0
4203,0
4204,0
4205,0
4206,0
4207,0
4208,0
4209,0
4210,0
4211,0
4212,0
4213,0
4214,0
4215,0
4216,0
4217,0
4218,0
4219,0
4220,0
4221,0
4222,0
4223,0
4224,0
4225,0
4226,0
4227,0
4228,0
4229,0
4230,0
4231,0
4232,0
4233,0
4234,0
4235,0
4236,0
4237,0
4238,0
4239,0
4240,0
4241,0
4242,0
4243,0
4244,0
4245,0
4246,0
4247,0
4248,0
4249,0
4250,0
4251,0
4252,0
4253,0
4254,0
4255,0
4256,0
4257,0
4258,0
4259,0
4260,0
4261,0
4262,0
4263,0
4264,0
4265,0
4266,0
4267,0
4268,0
4269,0
4270,0
4271,0
4272,0
4273,0
4274,0
4275,0
4276,0
4277,0
4278,0
4279,0
4280,0
4281,0
4282,0
4283,0
4284,0
4285,0
4286,0
4287,0
4288,0
4289,0
4290,0
4291,0
4292,0
4293,0
4294,0
4295,0
4296,0
4297,0
4298,0
4299,0
4300,0
4301,0
4302,0
4303,0
4304,0
4305,0
4306,0
4307,0
4308,0
4309,0
4310,0
4311,0
4312,0
4313,0
4314,0
4315,0
4316,0
4317,0
4318,0
4319,0
4320,0
4321,0
4322,0
4323,0
4324,0
4325,0
4326,0
4327,0
4328,0
4329,0
4330,0
4331,0
4332,0
4333,0
4334,0
4335,0
4336,0
4337,0
4338,0
4339,0
4340,0
4341,0
4342,0
4343,0
4344,0
4345,0
4346,0
4347,0
4348,0
4349,0
4350,0
4351,0
4352,0
4353,0
4354,0
4355,0
4356,0
4357,0
4358,0
4359,0
4360,0
4361,0
4362,0
4363,0
4364,0
4365,0
4366,0
4367,0
4368,0
4369,0
4370,0
4371,0
4372,0
4373,0
4374,0
4375,0
4376,0
4377,0
4378,0
4379,0
4380,0
4381,0
4382,0
4383,0
4384,0
4385,0
4386,0
4387,0
4388,0
4389,0
4390,0
4391,0
4392,0
4393,0
4394,0
4395,0
4396,0
4397,0
4398,0
4399,0
4400,0
4401,0
4402,0
4403,0
4404,0
4405,0
4406,0
4407,0
4408,0
4409,0
4410,0
4411,0
4412,0
4413,0
4414,0
4415,0
4416,0
4417,0
4418,0
4419,0
4420,0
4421,0
4422,0
4423,0
4424,0
4425,0
4426,0
4427,0
4428,0
4429,0
4430,0
4431,0
4432,0
4433,0
4434,0
4435,0
4436,0
4437,0
4438,0
4439,0
4440,0
4441,0
4442,0
4443,0
4444,0
4445,1
4446,1
4447,1
4448,2
4449,2
4450,2
4451,2
4452,2
4453,2
4454,2
4455,2
4456,2
4457,1
4458,1
4459,1
4460,1
4461,1
4462,1
4463,1
4464,1
4465,1
4466,1
4467,1
4468,1
4469,1
4470,1
4471,1
4472,1
4473,0
4474,0
4475,0
4476,0
4477,0
4478,0
4479,0
4480,0
4481,0
4482,0
4483,0
4484,0
4485,0
4486,0
4487,0
4488,0
4489,0
4490,0
4491,0
4492,0
4493,0
4494,0
4495,0
4496,0
4497,0
4498,0
4499,0
4500,0
4501,0
4502,0
4503,0
4504,0
4505,0
4506,1
4507,1
4508,1
4509,1
4510,1
4511,1
4512,1
4513,1
4514,1
4515,1
4516,1
4517,1
4518,1
4519,1
4520,1
4521,1
4522,1
4523,1
4524,1
4525,1
4526,1
4527,1
4528,1
4529,1
4530,1
4531,1
4532,1
4533,1
4534,1
4535,1
4536,1
4537,1
4538,1
4539,1
4540,1
4541,1
4542,1
4543,1
4544,1
4545,1
4546,1
4547,0
4548,0
4549,0
4550,0
4551,0
4552,0
4553,0
4554,0
4555,0
4556,0
4557,0
4558,0
4559,0
4560,0
4561,0
4562,0
4563,0
4564,0
4565,0
4566,0
4567,0
4568,0
4569,0
4570,0
4571,0
4572,0
4573,0
4574,0
4575,0
4576,0
4577,0
4578,0
4579,0
4580,0
4581,0
4582,0
4583,0
4584,0
4585,0
4586,0
4587,0
4588,0
4589,0
4590,0
4591,0
4592,0
4593,0
4594,0
4595,0
4596,0
4597,0
4598,0
4599,0
4600,0
4601,0
4602,0
4603,0
4604,0
4605,0
4606,0
4607,0
4608,0
4609,0
4610,0
4611,0
4612,0
4613,0
4614,0
4615,0
4616,0
4617,0
4618,0
4619,0
4620,0
4621,0
4622,0
4623,0
4624,0
4625,0
4626,0
4627,0
4628,0
4629,0
4630,0
4631,0
4632,0
4633,0
4634,0
4635,0
4636,0
4637,0
4638,0
4639,0
4640,0
4641,0
4642,0
4643,0
4644,0
4645,0
4646,0
4647,0
4648,0
4649,0
4650,0
4651,0
4652,0
4653,0
4654,0
4655,0
4656,0
4657,0
4658,0
4659,0
4660,0
4661,0
4662,0
4663,0
4664,0
4665,0
4666,0
4667,0
4668,0
4669,0
4670,0
4671,0
4672,0
4673,0
4674,0
4675,0
4676,0
4677,0
4678,0
4679,0
4680,0
4681,0
4682,1
4683,1
4684,1
4685,1
4686,1
4687,1
4688,1
4689,1
4690,1
4691,1
4692,1
4693,1
4694,1
4695,1
4696,1
4697,1
4698,1
4699,1
4700,1
4701,1
4702,1
4703,1
4704,1
4705,1
4706,1
4707,1
4708,1
4709,1
4710,1
4711,1
4712,1
4713,1
4714,1
4715,1
4716,1
4717,1
4718,1
4719,1
4720,1
4721,1
4722,1
4723,1
4724,1
4725,1
4726,1
4727,1
4728,1
4729,1
4730,1
4731,1
4732,1
4733,1
4734,1
4735,1
4736,1
4737,1
4738,1
4739,1
4740,1
4741,1
4742,1
4743,1
4744,2
4745,3
4746,3
4747,4
4748,5
4749,0
4750,0
4751,0
4752,0
4753,0
4754,0
4755,0
4756,0
4757,0
4758,0
4759,0
4760,0
4761,0
4762,0
4763,0
4764,0
4765,0
4766,0
4767,0
4768,0
4769,0
4770,4
4771,4
4772,4
4773,3
4774,3
4775,3
4776,3
4777,3
4778,3
4779,3
4780,3
4781,3
4782,3
4783,3
4784,3
4785,3
4786,3
4787,3
4788,3
4789,3
4790,2
4791,2
4792,2
4793,2
4794,2
4795,2
4796,2
4797,2
4798,2
4799,2
4800,1
4801,1
4802,1
4803,1
4804,1
4805,1
4806,1
4807,1
4808,1
4809,1
4810,1
4811,1
4812,1
4813,1
4814,1
4815,1
4816,1
4817,1
4818,1
4819,1
4820,1
4821,1
4822,1
4823,1
4824,1
4825,0
4826,0
4827,0
4828,0
4829,0
4830,0
4831,0
4832,0
4833,0
4834,0
4835,0
4836,0
4837,0
4838,0
4839,0
4840,0
4841,0
4842,0
4843,0
4844,0
4845,0
