1,0
2,0
3,0
4,0
5,0
6,1
7,1
8,1
9,1
10,1
11,1
12,1
13,1
14,1
15,1
16,1
17,1
18,1
19,1
20,1
21,1
22,1
23,0
24,0
25,0
26,0
27,0
28,0
29,0
30,0
31,0
32,0
33,0
34,0
35,0
36,0
37,0
38,0
39,0
40,0
41,0
42,0
43,0
44,0
45,0
46,0
47,0
48,0
49,0
50,0
51,0
52,0
53,0
54,0
55,0
56,0
57,0
58,0
59,0
60,0
61,0
62,0
63,0
64,0
65,0
66,0
67,0
68,0
69,0
70,0
71,0
72,0
73,0
74,0
75,0
76,1
77,2
78,2
79,2
80,3
81,3
82,3
83,3
84,3
85,3
86,3
87,3
88,3
89,3
90,3
91,3
92,2
93,2
94,2
95,2
96,2
97,2
98,1
99,0
100,0
101,0
102,0
103,0
104,0
105,0
106,0
107,0
108,2
109,3
110,3
111,3
112,3
113,3
114,3
115,4
116,4
117,4
118,4
119,4
120,4
121,4
122,4
123,4
124,4
125,4
126,4
127,4
128,4
129,4
130,4
131,4
132,4
133,4
134,4
135,4
136,4
137,4
138,4
139,3
140,3
141,3
142,3
143,3
144,3
145,3
146,3
147,3
148,3
149,3
150,3
151,3
152,3
153,3
154,3
155,3
156,3
157,3
158,3
159,3
160,3
161,3
162,3
163,3
164,3
165,3
166,3
167,3
168,3
169,3
170,3
171,3
172,4
173,4
174,4
175,4
176,4
177,4
178,4
179,4
180,4
181,4
182,4
183,4
184,4
185,4
186,4
187,4
188,4
189,4
190,4
191,4
192,4
193,4
194,4
195,4
196,4
197,4
198,4
199,4
200,4
201,4
202,4
203,4
204,4
205,4
206,4
207,4
208,4
209,4
210,4
211,4
212,4
213,4
214,4
215,4
216,4
217,4
218,4
219,4
220,4
221,4
222,4
223,4
224,4
225,4
226,4
227,4
228,4
229,4
230,4
231,4
232,4
233,4
234,4
235,4
236,4
237,4
238,4
239,4
240,4
241,4
242,4
243,4
244,4
245,4
246,4
247,4
248,4
249,4
250,4
251,4
252,4
253,4
254,4
255,4
256,4
257,4
258,4
259,4
260,4
261,4
262,4
263,4
264,4
265,4
266,4
267,4
268,4
269,4
270,4
271,4
272,4
273,4
274,4
275,4
276,4
277,4
278,4
279,4
280,4
281,4
282,4
283,4
284,4
285,4
286,4
287,4
288,4
289,4
290,4
291,4
292,4
293,4
294,4
295,4
296,4
297,4
298,4
299,4
300,4
301,4
302,4
303,4
304,4
305,4
306,4
307,4
308,4
309,4
310,4
311,4
312,4
313,4
314,4
315,4
316,4
317,4
318,4
319,4
320,4
321,4
322,4
323,4
324,4
325,4
326,4
327,4
328,4
329,4
330,4
331,4
332,4
333,4
334,4
335,4
336,4
337,4
338,4
339,4
340,4
341,4
342,4
343,4
344,4
345,4
346,4
347,4
348,4
349,4
350,4
351,4
352,4
353,4
354,3
355,3
356,3
357,3
358,3
359,3
360,3
361,3
362,3
363,3
364,3
365,3
366,3
367,3
368,3
369,3
370,2
371,2
372,1
373,0
374,0
375,0
376,0
377,0
378,0
379,0
380,0
381,0
382,0
383,0
384,0
385,0
386,0
387,0
388,0
389,0
390,0
391,0
392,0
393,0
394,0
395,0
396,0
397,0
398,0
399,0
400,0
401,0
402,0
403,0
404,0
405,0
406,0
407,0
408,0
409,0
410,0
411,0
412,0
413,0
414,0
415,0
416,0
417,0
418,0
419,0
420,0
421,0
422,0
423,0
424,0
425,0
426,2
427,3
428,3
429,3
430,3
431,3
432,3
433,3
434,3
435,3
436,3
437,3
438,3
439,3
440,3
441,3
442,3
443,3
444,3
445,3
446,3
447,3
448,3
449,3
450,3
451,3
452,3
453,3
454,3
455,3
456,3
457,3
458,3
459,3
460,3
461,3
462,3
463,3
464,3
465,3
466,3
467,3
468,3
469,3
470,3
471,3
472,3
473,3
474,3
475,3
476,3
477,3
478,3
479,3
480,3
481,3
482,3
483,3
484,3
485,3
486,3
487,3
488,3
489,3
490,3
491,3
492,3
493,3
494,3
495,3
496,3
497,3
498,3
499,3
500,3
501,3
502,3
503,3
504,3
505,3
506,3
507,3
508,3
509,3
510,3
511,3
512,3
513,3
514,3
515,3
516,3
517,3
518,3
519,3
520,3
521,3
522,3
523,3
524,3
525,4
526,4
527,4
528,4
529,4
530,4
531,4
532,4
533,4
534,4
535,4
536,4
537,4
538,4
539,4
540,4
541,4
542,4
543,4
544,4
545,4
546,4
547,4
548,4
549,4
550,4
551,4
552,4
553,4
554,4
555,4
556,4
557,4
558,4
559,4
560,4
561,4
562,4
563,4
564,4
565,3
566,3
567,3
568,3
569,3
570,3
571,3
572,3
573,3
574,3
575,3
576,3
577,3
578,3
579,3
580,3
581,3
582,3
583,3
584,3
585,3
586,3
587,3
588,3
589,3
590,3
591,3
592,3
593,3
594,3
595,3
596,3
597,3
598,3
599,3
600,3
601,3
602,3
603,3
604,3
605,3
606,3
607,3
608,3
609,3
610,3
611,3
612,3
613,3
614,3
615,3
616,3
617,3
618,3
619,3
620,3
621,3
622,3
623,3
624,3
625,3
626,3
627,3
628,3
629,3
630,3
631,3
632,3
633,3
634,3
635,3
636,3
637,3
638,3
639,3
640,3
641,3
642,3
643,3
644,3
645,3
646,3
647,3
648,3
649,3
650,3
651,3
652,3
653,3
654,3
655,3
656,3
657,4
658,4
659,4
660,4
661,4
662,4
663,4
664,4
665,4
666,4
667,4
668,4
669,4
670,4
671,4
672,4
673,4
674,4
675,4
676,4
677,4
678,4
679,4
680,4
681,4
682,4
683,4
684,4
685,4
686,4
687,4
688,4
689,4
690,4
691,4
692,4
693,4
694,4
695,4
696,4
697,4
698,4
699,4
700,4
701,4
702,4
703,4
704,4
705,4
706,4
707,4
708,4
709,4
710,4
711,4
712,4
713,4
714,4
715,4
716,4
717,4
718,4
719,4
720,4
721,4
722,4
723,4
724,4
725,4
726,4
727,4
728,4
729,4
730,4
731,4
732,4
733,4
734,4
735,4
736,4
737,4
738,4
739,4
740,4
741,4
742,4
743,4
744,4
745,4
746,4
747,4
748,4
749,4
750,4
751,4
752,4
753,4
754,4
755,4
756,4
757,4
758,4
759,4
760,4
761,4
762,4
763,4
764,4
765,4
766,4
767,4
768,4
769,4
770,4
771,4
772,4
773,4
774,4
775,4
776,4
777,4
778,4
779,4
780,4
781,4
782,4
783,4
784,4
785,4
786,4
787,4
788,4
789,4
790,4
791,4
792,4
793,4
794,4
795,4
796,4
797,4
798,4
799,4
800,4
801,4
802,4
803,4
804,4
805,4
806,4
807,4
808,4
809,4
810,4
811,4
812,4
813,4
814,4
815,4
816,4
817,4
818,4
819,4
820,4
821,4
822,4
823,4
824,4
825,4
826,4
827,4
828,4
829,4
830,4
831,4
832,4
833,4
834,4
835,4
836,4
837,4
838,4
839,4
840,4
841,4
842,4
843,4
844,4
845,4
846,4
847,4
848,4
849,4
850,4
851,4
852,4
853,4
854,4
855,4
856,4
857,4
858,4
859,4
860,4
861,4
862,3
863,3
864,3
865,3
866,3
867,3
868,3
869,3
870,3
871,3
872,3
873,3
874,2
875,2
876,2
877,2
878,1
879,1
880,1
881,1
882,0
883,0
884,0
885,0
886,0
887,0
888,0
889,0
890,0
891,0
892,0
893,0
894,0
895,0
896,0
897,0
898,0
899,0
900,0
901,0
902,0
903,0
904,0
905,0
906,0
907,0
908,0
909,0
910,0
911,0
912,0
913,0
914,0
915,0
916,0
917,0
918,0
919,0
920,0
921,0
922,0
923,0
924,1
925,2
926,2
927,2
928,3
929,3
930,3
931,3
932,3
933,3
934,4
935,4
936,4
937,4
938,4
939,4
940,4
941,4
942,4
943,4
944,4
945,4
946,4
947,4
948,4
949,4
950,4
951,4
952,4
953,4
954,4
955,4
956,4
957,4
958,4
959,4
960,4
961,4
962,4
963,4
964,4
965,4
966,4
967,4
968,4
969,3
970,3
971,3
972,3
973,3
974,3
975,3
976,3
977,3
978,3
979,3
980,3
981,3
982,3
983,3
984,3
985,3
986,3
987,3
988,3
989,3
990,3
991,3
992,3
993,3
994,3
995,3
996,3
997,3
998,3
999,3
1000,3
1001,3
1002,3
1003,2
1004,2
1005,1
1006,0
1007,0
1008,0
1009,0
1010,0
1011,0
1012,0
1013,0
1014,0
1015,0
1016,0
1017,0
1018,0
1019,0
1020,0
1021,0
1022,0
1023,0
1024,0
1025,0
1026,0
1027,0
1028,0
1029,0
1030,0
1031,0
1032,0
1033,0
1034,0
1035,0
1036,0
1037,0
1038,0
1039,0
1040,0
1041,0
1042,0
1043,0
1044,0
1045,0
1046,0
1047,0
1048,0
1049,0
1050,0
1051,0
1052,0
1053,0
1054,0
1055,0
1056,0
1057,0
1058,0
1059,0
1060,0
1061,0
1062,0
1063,0
1064,0
1065,0
1066,0
1067,0
1068,0
1069,0
1070,0
1071,0
1072,0
1073,0
1074,0
1075,0
1076,0
1077,0
1078,0
1079,0
1080,0
1081,0
1082,0
1083,0
1084,0
1085,0
1086,0
1087,0
1088,0
1089,0
1090,0
1091,0
1092,0
1093,0
1094,0
1095,0
1096,0
1097,0
1098,0
1099,0
1100,1
1101,1
1102,1
1103,1
1104,2
1105,2
1106,2
1107,2
1108,3
1109,3
1110,3
1111,3
1112,3
1113,3
1114,3
1115,3
1116,3
1117,3
1118,3
1119,3
1120,3
1121,3
1122,3
1123,3
1124,3
1125,3
1126,3
1127,3
1128,3
1129,3
1130,3
1131,3
1132,3
1133,3
1134,3
1135,3
1136,3
1137,4
1138,4
1139,4
1140,4
1141,4
1142,4
1143,4
1144,4
1145,4
1146,3
1147,3
1148,3
1149,3
1150,3
1151,3
1152,3
1153,3
1154,3
1155,3
1156,3
1157,3
1158,3
1159,3
1160,3
1161,3
1162,3
1163,3
1164,3
1165,3
1166,3
1167,3
1168,3
1169,3
1170,3
1171,3
1172,3
1173,3
1174,3
1175,3
1176,3
1177,3
1178,3
1179,3
1180,3
1181,3
1182,3
1183,3
1184,3
1185,3
1186,3
1187,3
1188,3
1189,3
1190,3
1191,3
1192,3
1193,3
1194,3
1195,3
1196,3
1197,3
1198,3
1199,3
1200,3
1201,3
1202,3
1203,3
1204,3
1205,3
1206,3
1207,3
1208,3
1209,3
1210,3
1211,3
1212,3
1213,3
1214,3
1215,2
1216,1
1217,0
1218,0
1219,0
1220,0
1221,0
1222,0
1223,0
1224,0
1225,0
1226,0
1227,0
1228,0
1229,1
1230,1
1231,1
1232,1
1233,1
1234,1
1235,0
1236,0
1237,0
1238,0
1239,0
1240,0
1241,0
1242,0
1243,0
1244,0
1245,0
1246,0
1247,0
1248,0
1249,0
1250,0
1251,0
1252,0
1253,0
1254,0
1255,0
1256,0
1257,0
1258,0
1259,0
1260,0
1261,0
1262,2
1263,3
1264,3
1265,3
1266,3
1267,3
1268,4
1269,4
1270,4
1271,4
1272,4
1273,4
1274,4
1275,4
1276,4
1277,4
1278,4
1279,4
1280,3
1281,3
1282,3
1283,3
1284,3
1285,3
1286,3
1287,3
1288,3
1289,3
1290,3
1291,3
1292,3
1293,3
1294,3
1295,3
1296,3
1297,3
1298,3
1299,3
1300,3
1301,3
1302,3
1303,3
1304,3
1305,3
1306,3
1307,3
1308,3
1309,3
1310,3
1311,3
1312,3
1313,3
1314,3
1315,3
1316,3
1317,3
1318,3
1319,3
1320,3
1321,3
1322,3
1323,3
1324,3
1325,3
1326,3
1327,3
1328,3
1329,2
1330,2
1331,2
1332,2
1333,2
1334,2
1335,2
1336,2
1337,2
1338,2
1339,2
1340,2
1341,2
1342,2
1343,1
1344,1
1345,0
1346,0
1347,0
1348,0
1349,0
1350,0
1351,0
1352,0
1353,0
1354,0
1355,0
1356,0
1357,0
1358,0
1359,0
1360,0
1361,0
1362,0
1363,0
1364,0
1365,0
1366,0
1367,0
1368,0
1369,0
1370,0
1371,0
1372,0
1373,0
1374,0
1375,0
1376,0
1377,0
1378,0
1379,0
1380,0
1381,0
1382,0
1383,0
1384,0
1385,0
1386,0
1387,0
1388,0
1389,0
1390,0
1391,0
1392,0
1393,0
1394,0
1395,0
1396,0
1397,2
1398,2
1399,3
1400,3
1401,3
1402,3
1403,3
1404,3
1405,3
1406,3
1407,3
1408,3
1409,3
1410,3
1411,3
1412,3
1413,3
1414,3
1415,3
1416,3
1417,3
1418,3
1419,3
1420,3
1421,3
1422,3
1423,3
1424,3
1425,3
1426,3
1427,3
1428,3
1429,3
1430,3
1431,3
1432,3
1433,3
1434,3
1435,3
1436,3
1437,3
1438,3
1439,3
1440,3
1441,3
1442,3
1443,3
1444,3
1445,3
1446,3
1447,3
1448,3
1449,3
1450,3
1451,3
1452,3
1453,3
1454,3
1455,3
1456,3
1457,3
1458,3
1459,3
1460,3
1461,3
1462,3
1463,3
1464,3
1465,3
1466,3
1467,3
1468,3
1469,3
1470,3
1471,3
1472,3
1473,3
1474,3
1475,3
1476,3
1477,3
1478,3
1479,3
1480,3
1481,3
1482,3
1483,3
1484,3
1485,3
1486,3
1487,3
1488,3
1489,3
1490,3
1491,3
1492,3
1493,3
1494,3
1495,3
1496,3
1497,3
1498,3
1499,3
1500,3
1501,3
1502,3
1503,3
1504,3
1505,3
1506,3
1507,3
1508,3
1509,3
1510,3
1511,3
1512,3
1513,3
1514,3
1515,3
1516,3
1517,3
1518,3
1519,3
1520,3
1521,3
1522,3
1523,3
1524,3
1525,3
1526,3
1527,3
1528,3
1529,3
1530,3
1531,3
1532,3
1533,3
1534,3
1535,3
1536,3
1537,3
1538,3
1539,3
1540,3
1541,3
1542,3
1543,3
1544,3
1545,3
1546,3
1547,3
1548,3
1549,3
1550,3
1551,3
1552,3
1553,3
1554,3
1555,3
1556,3
1557,2
1558,1
1559,2
1560,3
1561,3
1562,3
1563,3
1564,3
1565,3
1566,3
1567,3
1568,2
1569,1
1570,0
1571,0
1572,0
1573,0
1574,0
1575,0
1576,1
1577,2
1578,3
1579,3
1580,3
1581,3
1582,4
1583,4
1584,4
1585,4
1586,4
1587,4
1588,4
1589,4
1590,4
1591,4
1592,4
1593,4
1594,4
1595,4
1596,4
1597,4
1598,4
1599,4
1600,4
1601,4
1602,4
1603,4
1604,4
1605,4
1606,4
1607,4
1608,4
1609,4
1610,4
1611,4
1612,4
1613,4
1614,4
1615,4
1616,4
1617,4
1618,4
1619,4
1620,4
1621,4
1622,4
1623,3
1624,3
1625,3
1626,3
1627,3
1628,3
1629,3
1630,3
1631,3
1632,3
1633,3
1634,3
1635,3
1636,3
1637,3
1638,3
1639,3
1640,3
1641,3
1642,3
1643,3
1644,3
1645,3
1646,3
1647,3
1648,3
1649,2
1650,1
1651,1
1652,1
1653,1
1654,1
1655,1
1656,1
1657,1
1658,1
1659,1
1660,1
1661,0
1662,0
1663,0
1664,0
1665,0
1666,0
1667,0
1668,0
1669,0
1670,1
1671,2
1672,3
1673,3
1674,3
1675,3
1676,3
1677,3
1678,3
1679,4
1680,4
1681,4
1682,4
1683,4
1684,4
1685,4
1686,3
1687,3
1688,3
1689,3
1690,3
1691,3
1692,3
1693,3
1694,3
1695,3
1696,3
1697,3
1698,3
1699,3
1700,3
1701,3
1702,3
1703,3
1704,3
1705,3
1706,3
1707,3
1708,3
1709,3
1710,3
1711,3
1712,3
1713,3
1714,3
1715,3
1716,3
1717,3
1718,3
1719,3
1720,3
1721,3
1722,3
1723,2
1724,1
1725,0
1726,0
1727,0
1728,0
1729,0
1730,0
1731,0
1732,0
1733,0
1734,0
1735,0
1736,0
1737,0
1738,2
1739,3
1740,3
1741,3
1742,3
1743,3
1744,3
1745,3
1746,3
1747,3
1748,3
1749,3
1750,3
1751,3
1752,3
1753,3
1754,3
1755,3
1756,3
1757,3
1758,3
1759,3
1760,3
1761,3
1762,3
1763,3
1764,3
1765,3
1766,3
1767,3
1768,3
1769,3
1770,3
1771,3
1772,3
1773,3
1774,3
1775,3
1776,3
1777,3
1778,3
1779,3
1780,3
1781,3
1782,3
1783,3
1784,3
1785,4
1786,4
1787,4
1788,4
1789,4
1790,4
1791,4
1792,4
1793,4
1794,4
1795,4
1796,4
1797,4
1798,3
1799,3
1800,3
1801,3
1802,3
1803,3
1804,3
1805,3
1806,3
1807,3
1808,3
1809,4
1810,4
1811,4
1812,4
1813,4
1814,4
1815,4
1816,4
1817,4
1818,4
1819,4
1820,4
1821,3
1822,3
1823,3
1824,3
1825,3
1826,3
1827,3
1828,3
1829,3
1830,3
1831,3
1832,3
1833,3
1834,3
1835,3
1836,3
1837,3
1838,3
1839,3
1840,3
1841,3
1842,3
1843,3
1844,3
1845,3
1846,3
1847,3
1848,3
1849,3
1850,3
1851,3
1852,3
1853,3
1854,3
1855,3
1856,3
1857,3
1858,3
1859,3
1860,3
1861,3
1862,3
1863,3
1864,3
1865,3
1866,3
1867,3
1868,3
1869,3
1870,3
1871,3
1872,3
1873,3
1874,3
1875,3
1876,3
1877,3
1878,3
1879,3
1880,3
1881,3
1882,3
1883,3
1884,3
1885,3
1886,3
1887,3
1888,3
1889,3
1890,3
1891,3
1892,3
1893,3
1894,3
1895,3
1896,3
1897,3
1898,3
1899,3
1900,3
1901,3
1902,3
1903,3
1904,3
1905,3
1906,3
1907,3
1908,3
1909,3
1910,3
1911,3
1912,3
1913,3
1914,3
1915,3
1916,3
1917,3
1918,3
1919,3
1920,3
1921,3
1922,3
1923,3
1924,3
1925,3
1926,3
1927,3
1928,3
1929,3
1930,3
1931,3
1932,3
1933,3
1934,3
1935,3
1936,3
1937,3
1938,3
1939,3
1940,3
1941,3
1942,3
1943,3
1944,3
1945,3
1946,3
1947,3
1948,3
1949,3
1950,3
1951,3
1952,3
1953,3
1954,3
1955,3
1956,3
1957,3
1958,3
1959,3
1960,3
1961,2
1962,2
1963,1
1964,1
1965,1
1966,0
1967,0
1968,0
1969,0
1970,0
1971,0
1972,0
1973,0
1974,0
1975,1
1976,2
1977,2
1978,3
1979,3
1980,3
1981,3
1982,3
1983,3
1984,3
1985,3
1986,3
1987,3
1988,3
1989,3
1990,3
1991,3
1992,3
1993,3
1994,3
1995,3
1996,3
1997,3
1998,3
1999,3
2000,3
2001,3
2002,3
2003,3
2004,3
2005,3
2006,3
2007,3
2008,3
2009,3
2010,3
2011,3
2012,3
2013,3
2014,3
2015,3
2016,3
2017,3
2018,3
2019,3
2020,3
2021,3
2022,3
2023,3
2024,3
2025,3
2026,3
2027,3
2028,3
2029,3
2030,3
2031,3
2032,3
2033,3
2034,3
2035,4
2036,4
2037,4
2038,4
2039,4
2040,4
2041,4
2042,4
2043,4
2044,4
2045,4
2046,4
2047,4
2048,4
2049,4
2050,4
2051,4
2052,4
2053,4
2054,4
2055,4
2056,3
2057,3
2058,3
2059,3
2060,3
2061,3
2062,3
2063,3
2064,3
2065,3
2066,3
2067,3
2068,3
2069,3
2070,3
2071,3
2072,3
2073,3
2074,3
2075,3
2076,3
2077,3
2078,3
2079,3
2080,3
2081,3
2082,3
2083,3
2084,3
2085,4
2086,4
2087,4
2088,4
2089,4
2090,4
2091,4
2092,4
2093,4
2094,4
2095,4
2096,4
2097,4
2098,4
2099,4
2100,4
2101,4
2102,4
2103,4
2104,4
2105,4
2106,4
2107,4
2108,4
2109,4
2110,4
2111,4
2112,4
2113,4
2114,4
2115,4
2116,3
2117,3
2118,3
2119,3
2120,3
2121,3
2122,3
2123,3
2124,3
2125,3
2126,3
2127,3
2128,3
2129,3
2130,3
2131,3
2132,3
2133,3
2134,3
2135,3
2136,3
2137,3
2138,3
2139,3
2140,3
2141,3
2142,3
2143,3
2144,3
2145,3
2146,3
2147,3
2148,3
2149,3
2150,3
2151,3
2152,3
2153,3
2154,3
2155,3
2156,3
2157,3
2158,3
2159,3
2160,3
2161,3
2162,3
2163,3
2164,3
2165,3
2166,3
2167,3
2168,3
2169,3
2170,3
2171,3
2172,3
2173,3
2174,3
2175,3
2176,3
2177,3
2178,3
2179,3
2180,3
2181,2
2182,1
2183,0
2184,0
2185,0
2186,0
2187,0
2188,0
2189,0
2190,0
2191,0
2192,0
2193,0
2194,0
2195,0
2196,0
2197,0
2198,0
2199,0
2200,0
2201,0
2202,0
2203,1
2204,1
2205,2
2206,2
2207,2
2208,3
2209,3
2210,3
2211,3
2212,3
2213,3
2214,3
2215,3
2216,4
2217,4
2218,4
2219,4
2220,4
2221,4
2222,4
2223,4
2224,4
2225,3
2226,3
2227,3
2228,3
2229,3
2230,3
2231,3
2232,3
2233,3
2234,3
2235,3
2236,3
2237,3
2238,3
2239,3
2240,3
2241,3
2242,3
2243,3
2244,3
2245,3
2246,3
2247,3
2248,3
2249,3
2250,3
2251,3
2252,3
2253,3
2254,3
2255,3
2256,3
2257,3
2258,3
2259,3
2260,3
2261,3
2262,3
2263,3
2264,3
2265,3
2266,3
2267,3
2268,3
2269,3
2270,3
2271,3
2272,3
2273,3
2274,3
2275,3
2276,3
2277,3
2278,3
2279,3
2280,3
2281,3
2282,3
2283,3
2284,3
2285,3
2286,3
2287,3
2288,3
2289,3
2290,3
2291,3
2292,3
2293,3
2294,3
2295,3
2296,3
2297,3
2298,3
2299,3
2300,3
2301,3
2302,3
2303,3
2304,3
2305,3
2306,3
2307,3
2308,3
2309,3
2310,3
2311,3
2312,3
2313,3
2314,3
2315,3
2316,3
2317,3
2318,3
2319,3
2320,3
2321,3
2322,3
2323,3
2324,3
2325,3
2326,3
2327,3
2328,3
2329,3
2330,3
2331,3
2332,3
2333,3
2334,3
2335,3
2336,3
2337,3
2338,3
2339,3
2340,3
2341,3
2342,3
2343,3
2344,3
2345,3
2346,3
2347,3
2348,3
2349,3
2350,3
2351,3
2352,3
2353,3
2354,3
2355,3
2356,3
2357,3
2358,3
2359,3
2360,3
2361,3
2362,3
2363,3
2364,3
2365,3
2366,3
2367,3
2368,3
2369,3
2370,3
2371,3
2372,3
2373,3
2374,3
2375,3
2376,3
2377,3
2378,3
2379,3
2380,3
2381,3
2382,3
2383,3
2384,3
2385,3
2386,2
2387,2
2388,2
2389,2
2390,2
2391,1
2392,1
2393,0
2394,0
2395,0
2396,0
2397,0
2398,0
2399,0
2400,0
2401,0
2402,0
2403,0
2404,0
2405,0
2406,0
2407,0
2408,0
2409,0
2410,0
2411,0
2412,0
2413,0
2414,0
2415,0
2416,0
2417,0
2418,0
2419,0
2420,0
2421,0
2422,0
2423,0
2424,0
2425,0
2426,0
2427,1
2428,2
2429,2
2430,3
2431,3
2432,3
2433,3
2434,3
2435,3
2436,3
2437,3
2438,3
2439,3
2440,3
2441,3
2442,3
2443,3
2444,3
2445,3
2446,3
2447,3
2448,3
2449,3
2450,3
2451,3
2452,3
2453,3
2454,3
2455,3
2456,3
2457,3
2458,3
2459,3
2460,3
2461,3
2462,3
2463,3
2464,3
2465,3
2466,3
2467,3
2468,3
2469,3
2470,3
2471,3
2472,3
2473,3
2474,3
2475,3
2476,3
2477,3
2478,3
2479,3
2480,3
2481,3
2482,3
2483,3
2484,4
2485,4
2486,4
2487,4
2488,4
2489,4
2490,4
2491,4
2492,4
2493,4
2494,4
2495,4
2496,4
2497,4
2498,4
2499,4
2500,4
2501,4
2502,4
2503,4
2504,4
2505,4
2506,4
2507,4
2508,4
2509,4
2510,4
2511,4
2512,4
2513,4
2514,4
2515,4
2516,4
2517,4
2518,3
2519,3
2520,3
2521,3
2522,3
2523,3
2524,3
2525,3
2526,3
2527,3
2528,3
2529,3
2530,3
2531,3
2532,3
2533,3
2534,3
2535,3
2536,3
2537,3
2538,3
2539,3
2540,3
2541,3
2542,3
2543,3
2544,3
2545,3
2546,2
2547,1
2548,1
2549,0
2550,0
2551,0
2552,0
2553,0
2554,0
2555,0
2556,0
2557,0
2558,0
2559,0
2560,0
2561,0
2562,0
2563,0
2564,0
2565,0
2566,0
2567,0
2568,0
2569,0
2570,0
2571,0
2572,0
2573,0
2574,0
2575,0
2576,0
2577,0
2578,0
2579,0
2580,0
2581,0
2582,0
2583,0
2584,0
2585,0
2586,0
2587,0
2588,0
2589,0
2590,0
2591,0
2592,0
2593,0
2594,0
2595,0
2596,0
2597,0
2598,0
2599,0
2600,0
2601,0
2602,0
2603,0
2604,0
2605,0
2606,0
2607,0
2608,0
2609,0
2610,0
2611,0
2612,0
2613,0
2614,0
2615,0
2616,0
2617,0
2618,0
2619,0
2620,0
2621,0
2622,0
2623,0
2624,0
2625,0
2626,0
2627,0
2628,0
2629,0
2630,0
2631,0
2632,1
2633,1
2634,0
2635,0
2636,0
2637,0
2638,0
2639,0
2640,0
2641,0
2642,0
2643,0
2644,0
2645,0
2646,0
2647,0
2648,0
2649,0
2650,0
2651,0
2652,0
2653,0
2654,0
2655,0
2656,0
2657,0
2658,0
2659,0
2660,0
2661,0
2662,0
2663,0
2664,0
2665,0
2666,0
2667,0
2668,0
2669,0
2670,0
2671,0
2672,1
2673,2
2674,3
2675,3
2676,3
2677,3
2678,2
2679,2
2680,2
2681,2
2682,2
2683,2
2684,2
2685,2
2686,2
2687,2
2688,2
2689,2
2690,2
2691,2
2692,2
2693,2
2694,2
2695,2
2696,2
2697,2
2698,2
2699,2
2700,2
2701,2
2702,2
2703,2
2704,2
2705,2
2706,2
2707,2
2708,2
2709,2
2710,2
2711,2
2712,2
2713,2
2714,2
2715,2
2716,2
2717,2
2718,2
2719,2
2720,2
2721,2
2722,2
2723,2
2724,2
2725,2
2726,2
2727,2
2728,2
2729,2
2730,2
2731,2
2732,2
2733,2
2734,2
2735,2
2736,2
2737,2
2738,2
2739,2
2740,2
2741,2
2742,2
2743,2
2744,2
2745,2
2746,2
2747,2
2748,2
2749,2
2750,2
2751,2
2752,2
2753,2
2754,2
2755,2
2756,2
2757,2
2758,2
2759,2
2760,2
2761,2
2762,2
2763,2
2764,2
2765,2
2766,2
2767,2
2768,2
2769,2
2770,2
2771,2
2772,2
2773,2
2774,2
2775,2
2776,2
2777,2
2778,2
2779,2
2780,2
2781,2
2782,2
2783,2
2784,2
2785,2
2786,2
2787,2
2788,2
2789,2
2790,2
2791,2
2792,2
2793,2
2794,2
2795,2
2796,2
2797,2
2798,2
2799,2
2800,2
2801,2
2802,2
2803,2
2804,2
2805,2
2806,2
2807,2
2808,2
2809,2
2810,2
2811,2
2812,2
2813,2
2814,2
2815,2
2816,2
2817,2
2818,2
2819,2
2820,2
2821,2
2822,2
2823,2
2824,2
2825,2
2826,2
2827,2
2828,2
2829,2
2830,2
2831,2
2832,2
2833,2
2834,2
2835,2
2836,2
2837,2
2838,2
2839,2
2840,2
2841,2
2842,2
2843,2
2844,2
2845,2
2846,2
2847,2
2848,2
2849,2
2850,2
2851,2
2852,2
2853,2
2854,2
2855,2
2856,2
2857,2
2858,2
2859,2
2860,2
2861,2
2862,2
2863,2
2864,2
2865,2
2866,2
2867,2
2868,2
2869,2
2870,2
2871,2
2872,2
2873,2
2874,2
2875,2
2876,2
2877,2
2878,2
2879,2
2880,2
2881,2
2882,2
2883,2
2884,2
2885,2
2886,2
2887,2
2888,2
2889,2
2890,2
2891,2
2892,2
2893,2
2894,2
2895,2
2896,2
2897,2
2898,2
2899,2
2900,2
2901,2
2902,2
2903,2
2904,2
2905,2
2906,2
2907,2
2908,2
2909,2
2910,2
2911,2
2912,2
2913,2
2914,2
2915,2
2916,2
2917,2
2918,2
2919,2
2920,2
2921,2
2922,2
2923,2
2924,2
2925,2
2926,2
2927,2
2928,2
2929,2
2930,2
2931,2
2932,2
2933,2
2934,2
2935,2
2936,2
2937,2
2938,2
2939,2
2940,2
2941,2
2942,2
2943,2
2944,2
2945,2
2946,2
2947,2
2948,2
2949,2
2950,2
2951,2
2952,2
2953,2
2954,2
2955,2
2956,2
2957,2
2958,2
2959,2
2960,2
2961,2
2962,2
2963,2
2964,2
2965,2
2966,2
2967,2
2968,2
2969,2
2970,2
2971,2
2972,2
2973,2
2974,2
2975,2
2976,2
2977,2
2978,2
2979,2
2980,2
2981,2
2982,2
2983,2
2984,2
2985,2
2986,2
2987,2
2988,2
2989,2
2990,2
2991,2
2992,2
2993,2
2994,2
2995,2
2996,2
2997,2
2998,2
2999,2
3000,2
3001,2
3002,2
3003,2
3004,2
3005,2
3006,2
3007,2
3008,2
3009,2
3010,2
3011,2
3012,2
3013,2
3014,2
3015,2
3016,2
3017,2
3018,2
3019,2
3020,2
3021,2
3022,2
3023,2
3024,2
3025,2
3026,2
3027,2
3028,2
3029,2
3030,2
3031,2
3032,2
3033,2
3034,2
3035,2
3036,2
3037,2
3038,2
3039,2
3040,2
3041,2
3042,2
3043,2
3044,2
3045,2
3046,2
3047,2
3048,2
3049,2
3050,2
3051,2
3052,2
3053,2
3054,2
3055,2
3056,2
3057,2
3058,2
3059,2
3060,2
3061,2
3062,2
3063,2
3064,2
3065,2
3066,2
3067,2
3068,2
3069,2
3070,2
3071,2
3072,2
3073,2
3074,2
3075,2
3076,2
3077,2
3078,2
3079,2
3080,2
3081,2
3082,2
3083,2
3084,2
3085,2
3086,2
3087,2
3088,2
3089,2
3090,2
3091,2
3092,2
3093,2
3094,2
3095,2
3096,2
3097,2
3098,2
3099,2
3100,2
3101,2
3102,2
3103,2
3104,2
3105,2
3106,2
3107,2
3108,2
3109,2
3110,2
3111,2
3112,2
3113,2
3114,2
3115,2
3116,2
3117,2
3118,2
3119,2
3120,2
3121,2
3122,2
3123,2
3124,2
3125,2
3126,2
3127,2
3128,2
3129,2
3130,2
3131,2
3132,2
3133,2
3134,2
3135,2
3136,2
3137,2
3138,2
3139,2
3140,2
3141,2
3142,2
3143,2
3144,2
3145,2
3146,2
3147,2
3148,2
3149,2
3150,2
3151,2
3152,2
3153,2
3154,2
3155,2
3156,2
3157,2
3158,2
3159,2
3160,2
3161,2
3162,2
3163,2
3164,2
3165,2
3166,2
3167,2
3168,2
3169,2
3170,2
3171,2
3172,2
3173,2
3174,2
3175,2
3176,2
3177,2
3178,2
3179,2
3180,2
3181,2
3182,2
3183,2
3184,2
3185,2
3186,2
3187,2
3188,2
3189,2
3190,2
3191,2
3192,2
3193,2
3194,2
3195,2
3196,2
3197,2
3198,2
3199,2
3200,2
3201,2
3202,2
3203,2
3204,2
3205,2
3206,2
3207,2
3208,2
3209,2
3210,2
3211,2
3212,2
3213,2
3214,2
3215,2
3216,2
3217,2
3218,2
3219,2
3220,2
3221,2
3222,2
3223,2
3224,2
3225,2
3226,2
3227,2
3228,2
3229,2
3230,2
3231,2
3232,2
3233,2
3234,2
3235,2
3236,2
3237,2
3238,2
3239,2
3240,2
3241,2
3242,2
3243,2
3244,2
3245,2
3246,2
3247,2
3248,2
3249,2
3250,2
3251,2
3252,2
3253,2
3254,2
3255,2
3256,2
3257,2
3258,2
3259,2
3260,2
3261,2
3262,2
3263,2
3264,2
3265,2
3266,2
3267,2
3268,2
3269,2
3270,2
3271,2
3272,2
3273,2
3274,2
3275,2
3276,2
3277,2
3278,2
3279,2
3280,2
3281,2
3282,2
3283,2
3284,2
3285,2
3286,2
3287,2
3288,2
3289,2
3290,2
3291,2
3292,2
3293,2
3294,2
3295,2
3296,2
3297,2
3298,2
3299,2
3300,2
3301,2
3302,2
3303,2
3304,2
3305,2
3306,2
3307,2
3308,2
3309,2
3310,2
3311,2
3312,2
3313,2
3314,2
3315,2
3316,2
3317,2
3318,2
3319,2
3320,2
3321,2
3322,2
3323,2
3324,2
3325,2
3326,2
3327,2
3328,2
3329,2
3330,2
3331,2
3332,2
3333,2
3334,2
3335,2
3336,2
3337,2
3338,2
3339,2
3340,2
3341,2
3342,2
3343,2
3344,2
3345,2
3346,2
3347,2
3348,2
3349,2
3350,2
3351,2
3352,2
3353,2
3354,2
3355,2
3356,2
3357,2
3358,2
3359,2
3360,2
3361,2
3362,2
3363,2
3364,2
3365,2
3366,2
3367,2
3368,2
3369,2
3370,2
3371,2
3372,2
3373,2
3374,2
3375,2
3376,2
3377,2
3378,2
3379,2
3380,2
3381,2
3382,2
3383,2
3384,2
3385,2
3386,2
3387,2
3388,2
3389,2
3390,2
3391,2
3392,2
3393,2
3394,2
3395,2
3396,2
3397,2
3398,2
3399,2
3400,2
3401,2
3402,2
3403,2
3404,2
3405,2
3406,2
3407,2
3408,2
3409,2
3410,2
3411,2
3412,2
3413,2
3414,2
3415,2
3416,2
3417,2
3418,2
3419,2
3420,2
3421,2
3422,2
3423,2
3424,2
3425,2
3426,2
3427,2
3428,2
3429,2
3430,2
3431,2
3432,2
3433,2
3434,2
3435,2
3436,2
3437,2
3438,2
3439,2
3440,2
3441,2
3442,2
3443,2
3444,2
3445,2
3446,2
3447,2
3448,2
3449,2
3450,2
3451,2
3452,2
3453,2
3454,2
3455,2
3456,2
3457,2
3458,2
3459,2
3460,2
3461,2
3462,2
3463,2
3464,2
3465,2
3466,2
3467,2
3468,2
3469,2
3470,2
3471,2
3472,2
3473,2
3474,2
3475,2
3476,2
3477,2
3478,2
3479,2
3480,2
3481,2
3482,2
3483,2
3484,2
3485,2
3486,2
3487,2
3488,2
3489,2
3490,2
3491,2
3492,2
3493,2
3494,2
3495,2
3496,2
3497,2
3498,2
3499,2
3500,2
3501,2
3502,2
3503,2
3504,2
3505,2
3506,2
3507,2
3508,2
3509,2
3510,2
3511,2
3512,2
3513,2
3514,2
3515,2
3516,2
3517,2
3518,2
3519,2
3520,2
3521,2
3522,2
3523,2
3524,2
3525,2
3526,2
3527,2
3528,2
3529,2
3530,2
3531,2
3532,2
3533,2
3534,2
3535,2
3536,2
3537,2
3538,2
3539,2
3540,2
3541,2
3542,2
3543,2
3544,2
3545,2
3546,2
3547,2
3548,2
3549,2
3550,2
3551,2
3552,2
3553,2
3554,2
3555,2
3556,2
3557,2
3558,2
3559,2
3560,2
3561,2
3562,2
3563,2
3564,2
3565,2
3566,2
3567,2
3568,2
3569,2
3570,2
3571,2
3572,2
3573,2
3574,2
3575,2
3576,2
3577,2
3578,2
3579,2
3580,2
3581,2
3582,2
3583,2
3584,2
3585,2
3586,2
3587,2
3588,2
3589,2
3590,2
3591,2
3592,2
3593,2
3594,2
3595,2
3596,2
3597,2
3598,2
3599,2
3600,2
3601,2
3602,2
3603,2
3604,2
3605,2
3606,2
3607,2
3608,2
3609,2
3610,2
3611,2
3612,2
3613,2
3614,2
3615,2
3616,2
3617,2
3618,2
3619,2
3620,2
3621,2
3622,2
3623,2
3624,2
3625,2
3626,2
3627,2
3628,2
3629,2
3630,2
3631,2
3632,2
3633,2
3634,2
3635,2
3636,2
3637,2
3638,2
3639,2
3640,2
3641,2
3642,2
3643,2
3644,2
3645,2
3646,2
3647,2
3648,2
3649,2
3650,2
3651,2
3652,2
3653,2
3654,2
3655,2
3656,2
3657,2
3658,2
3659,2
3660,2
3661,2
3662,2
3663,2
3664,2
3665,2
3666,2
3667,2
3668,2
3669,2
3670,2
3671,2
3672,2
3673,2
3674,2
3675,2
3676,2
3677,2
3678,2
3679,2
3680,2
3681,2
3682,2
3683,2
3684,2
3685,2
3686,2
3687,2
3688,2
3689,2
3690,2
3691,2
3692,2
3693,2
3694,2
3695,2
3696,2
3697,2
3698,2
3699,2
3700,2
3701,2
3702,2
3703,2
3704,2
3705,2
3706,2
3707,2
3708,2
3709,2
3710,2
3711,2
3712,2
3713,2
3714,2
3715,2
3716,2
3717,2
3718,2
3719,2
3720,2
3721,2
3722,2
3723,2
3724,2
3725,2
3726,2
3727,2
3728,2
3729,2
3730,2
3731,2
3732,2
3733,2
3734,2
3735,2
3736,2
3737,2
3738,2
3739,2
3740,2
3741,2
3742,2
3743,2
3744,2
3745,2
3746,2
3747,2
3748,2
3749,2
3750,2
3751,2
3752,2
3753,2
3754,2
3755,2
3756,2
3757,2
3758,2
3759,2
3760,2
3761,2
3762,2
3763,2
3764,2
3765,2
3766,2
3767,2
3768,2
3769,2
3770,2
3771,2
3772,2
3773,2
3774,2
3775,2
3776,2
3777,2
3778,2
3779,2
3780,2
3781,2
3782,2
3783,2
3784,2
3785,2
3786,2
3787,2
3788,2
3789,2
3790,2
3791,2
3792,2
3793,2
3794,2
3795,2
3796,2
3797,2
3798,2
3799,2
3800,2
3801,2
3802,2
3803,2
3804,2
3805,2
3806,2
3807,2
3808,2
3809,2
3810,2
3811,2
3812,2
3813,2
3814,2
3815,2
3816,2
3817,2
3818,2
3819,2
3820,2
3821,2
3822,2
3823,2
3824,2
3825,2
3826,2
3827,2
3828,2
3829,2
3830,2
3831,2
3832,2
3833,2
3834,2
3835,2
3836,2
3837,2
3838,2
3839,2
3840,2
3841,2
3842,2
3843,2
3844,2
3845,2
3846,2
3847,2
3848,2
3849,2
3850,2
3851,2
3852,2
3853,2
3854,2
3855,2
3856,2
3857,2
3858,2
3859,2
3860,2
3861,2
3862,2
3863,2
3864,2
3865,2
3866,2
3867,2
3868,2
3869,2
3870,2
3871,2
3872,2
3873,2
3874,2
3875,2
3876,2
3877,2
3878,2
3879,2
3880,2
3881,2
3882,2
3883,2
3884,2
3885,2
3886,2
3887,2
3888,2
3889,2
3890,2
3891,2
3892,2
3893,2
3894,2
3895,2
3896,2
3897,2
3898,2
3899,2
3900,2
3901,2
3902,2
3903,2
3904,2
3905,2
3906,2
3907,2
3908,2
3909,2
3910,2
3911,2
3912,2
3913,2
3914,2
3915,2
3916,2
3917,2
3918,2
3919,2
3920,2
3921,2
3922,2
3923,2
3924,2
3925,2
3926,2
3927,2
3928,2
3929,2
3930,2
3931,2
3932,2
3933,2
3934,2
3935,2
3936,2
3937,2
3938,2
3939,2
3940,2
3941,2
3942,2
3943,2
3944,2
3945,2
3946,2
3947,2
3948,2
3949,2
3950,2
3951,2
3952,2
3953,2
3954,2
3955,2
3956,2
3957,2
3958,2
3959,2
3960,2
3961,2
3962,2
3963,2
3964,2
3965,2
3966,2
3967,2
3968,2
3969,2
3970,2
3971,2
3972,2
3973,2
3974,2
3975,2
3976,2
3977,2
3978,2
3979,2
3980,2
3981,2
3982,2
3983,2
3984,2
3985,2
3986,2
3987,2
3988,2
3989,2
3990,2
3991,2
3992,2
3993,2
3994,2
3995,2
3996,2
3997,2
3998,2
3999,2
4000,2
4001,2
4002,2
4003,2
4004,2
4005,2
4006,2
4007,2
4008,2
4009,2
4010,2
4011,2
4012,2
4013,2
4014,2
4015,2
4016,2
4017,2
4018,2
4019,2
4020,2
4021,2
4022,2
4023,2
4024,2
4025,2
4026,2
4027,2
4028,2
4029,2
4030,2
4031,2
4032,2
4033,2
4034,2
4035,2
4036,2
4037,2
4038,2
4039,2
4040,2
4041,2
4042,2
4043,2
4044,2
4045,2
4046,2
4047,2
4048,2
4049,2
4050,2
4051,2
4052,2
4053,2
4054,2
4055,2
4056,2
4057,2
4058,2
4059,2
4060,2
4061,2
4062,2
4063,2
4064,2
4065,2
4066,2
4067,2
4068,2
4069,2
4070,2
4071,2
4072,2
4073,2
4074,2
4075,2
4076,2
4077,2
4078,2
4079,2
4080,2
4081,2
4082,2
4083,2
4084,2
4085,2
4086,2
4087,2
4088,2
4089,2
4090,2
4091,2
4092,2
4093,2
4094,2
4095,2
4096,2
4097,2
4098,2
4099,2
4100,2
4101,2
4102,2
4103,2
4104,2
4105,2
4106,2
4107,2
4108,2
4109,2
4110,2
4111,2
4112,2
4113,2
4114,2
4115,2
4116,2
4117,2
4118,2
4119,2
4120,2
4121,2
4122,2
4123,2
4124,2
4125,2
4126,2
4127,2
4128,2
4129,2
4130,2
4131,2
4132,2
4133,2
4134,2
4135,2
4136,2
4137,2
4138,2
4139,2
4140,2
4141,2
4142,2
4143,2
4144,2
4145,2
4146,2
4147,2
4148,2
4149,2
4150,2
4151,2
4152,2
4153,2
4154,2
4155,2
4156,2
4157,2
4158,2
4159,2
4160,2
4161,2
4162,2
4163,2
4164,2
4165,2
4166,2
4167,2
4168,2
4169,2
4170,2
4171,2
4172,2
4173,2
4174,2
4175,2
4176,2
4177,2
4178,2
4179,2
4180,2
4181,2
4182,2
4183,2
4184,2
4185,2
4186,2
4187,2
4188,2
4189,2
4190,2
4191,2
4192,2
4193,2
4194,2
4195,2
4196,2
4197,2
4198,2
4199,2
4200,2
4201,2
4202,2
4203,2
4204,2
4205,2
4206,2
4207,2
4208,2
4209,2
4210,2
4211,2
4212,2
4213,2
4214,2
4215,2
4216,2
4217,2
4218,2
4219,2
4220,2
4221,2
4222,2
4223,2
4224,2
4225,2
4226,2
4227,2
4228,2
4229,2
4230,2
4231,2
4232,2
4233,2
4234,2
4235,2
4236,2
4237,2
4238,2
4239,2
4240,2
4241,2
4242,2
4243,2
4244,2
4245,2
4246,2
4247,2
4248,2
4249,2
4250,2
4251,2
4252,2
4253,2
4254,2
4255,2
4256,2
4257,2
4258,2
4259,2
4260,2
4261,2
4262,2
4263,2
4264,2
4265,2
4266,2
4267,2
4268,2
4269,2
4270,2
4271,2
4272,2
4273,2
4274,2
4275,2
4276,2
4277,2
4278,2
4279,2
4280,2
4281,2
4282,2
4283,2
4284,2
4285,2
4286,2
4287,2
4288,2
4289,2
4290,2
4291,2
4292,2
4293,2
4294,2
4295,2
4296,2
4297,2
4298,2
4299,2
4300,2
4301,2
4302,2
4303,2
4304,2
4305,2
4306,2
4307,2
4308,2
4309,2
4310,2
4311,2
4312,2
4313,2
4314,2
4315,2
4316,2
4317,2
4318,2
4319,2
4320,2
4321,2
4322,2
4323,2
4324,2
4325,2
4326,2
4327,2
4328,2
4329,2
4330,2
4331,2
4332,2
4333,2
4334,2
4335,2
4336,2
4337,2
4338,2
4339,2
4340,2
4341,2
4342,2
4343,2
4344,2
4345,2
4346,2
4347,2
4348,2
4349,2
4350,2
4351,2
4352,2
4353,2
4354,2
4355,2
4356,2
4357,2
4358,2
4359,2
4360,2
4361,2
4362,2
4363,2
4364,2
4365,2
4366,2
4367,2
4368,2
4369,2
4370,2
4371,2
4372,2
4373,2
4374,2
4375,2
4376,2
4377,2
4378,2
4379,2
4380,2
4381,2
4382,2
4383,2
4384,2
4385,2
4386,2
4387,2
4388,2
4389,2
4390,2
4391,2
4392,2
4393,2
4394,2
4395,2
4396,2
4397,2
4398,2
4399,2
4400,2
4401,2
4402,2
4403,2
4404,2
4405,2
4406,2
4407,2
4408,2
4409,2
4410,2
4411,2
4412,2
4413,2
4414,2
4415,2
4416,2
4417,2
4418,2
4419,2
4420,2
4421,2
4422,2
4423,2
4424,2
4425,2
4426,2
4427,2
4428,2
4429,2
4430,2
4431,2
4432,2
4433,2
4434,2
4435,2
4436,2
4437,2
4438,2
4439,2
4440,2
4441,2
4442,2
4443,2
4444,2
4445,2
4446,2
4447,2
4448,2
4449,2
4450,2
4451,2
4452,2
4453,2
4454,2
4455,2
4456,2
4457,2
4458,2
4459,2
4460,2
4461,2
4462,2
4463,2
4464,2
4465,2
4466,2
4467,2
4468,2
4469,2
4470,2
4471,2
4472,2
4473,2
4474,2
4475,2
4476,2
4477,2
4478,2
4479,2
4480,2
4481,2
4482,2
4483,2
4484,2
4485,2
4486,2
4487,2
4488,2
4489,2
4490,2
4491,2
4492,2
4493,2
4494,2
4495,2
4496,2
4497,2
4498,2
4499,2
4500,2
4501,2
4502,2
4503,2
4504,2
4505,2
4506,2
4507,2
4508,2
4509,2
4510,2
4511,2
4512,2
4513,2
4514,2
4515,2
4516,2
4517,2
4518,2
4519,2
4520,2
4521,2
4522,2
4523,2
4524,2
4525,2
4526,2
4527,2
4528,2
4529,2
4530,2
4531,2
4532,2
4533,2
4534,2
4535,2
4536,2
4537,2
4538,2
4539,2
4540,2
4541,2
4542,2
4543,2
4544,2
4545,2
4546,2
4547,3
4548,3
4549,3
4550,3
4551,3
4552,3
4553,3
4554,3
4555,3
4556,3
4557,3
4558,3
4559,3
4560,3
4561,3
4562,3
4563,3
4564,3
4565,3
4566,3
4567,3
4568,3
4569,3
4570,3
4571,3
4572,3
4573,3
4574,3
4575,3
4576,3
4577,3
4578,3
4579,3
4580,3
4581,3
4582,3
4583,3
4584,3
4585,3
4586,3
4587,3
4588,3
4589,3
4590,3
4591,3
4592,3
4593,3
4594,3
4595,3
4596,3
4597,3
4598,3
4599,3
4600,3
4601,3
4602,3
4603,3
4604,3
4605,3
4606,3
4607,3
4608,3
4609,3
4610,3
4611,3
4612,3
4613,3
4614,3
4615,3
4616,3
4617,3
4618,3
4619,3
4620,3
4621,3
4622,3
4623,3
4624,3
4625,3
4626,3
4627,3
4628,3
4629,3
4630,3
4631,3
4632,3
4633,3
4634,3
4635,3
4636,3
4637,3
4638,3
4639,3
4640,3
4641,3
4642,3
4643,3
4644,3
4645,3
4646,4
4647,4
4648,4
4649,4
4650,4
4651,4
4652,4
4653,4
4654,4
4655,4
4656,3
4657,3
4658,3
4659,3
4660,3
4661,3
4662,3
4663,3
4664,3
4665,3
4666,3
4667,3
4668,3
4669,3
4670,3
4671,3
4672,3
4673,3
4674,3
4675,3
4676,3
4677,3
4678,3
4679,3
4680,3
4681,3
4682,3
4683,3
4684,3
4685,3
4686,3
4687,3
4688,3
4689,3
4690,3
4691,3
4692,3
4693,3
4694,3
4695,3
4696,3
4697,3
4698,3
4699,3
4700,3
4701,3
4702,3
4703,3
4704,3
4705,3
4706,3
4707,3
4708,3
4709,3
4710,3
4711,3
4712,3
4713,3
4714,3
4715,3
4716,3
4717,3
4718,3
4719,3
4720,3
4721,3
4722,3
4723,3
4724,3
4725,3
4726,3
4727,3
4728,3
4729,3
4730,3
4731,3
4732,3
4733,3
4734,3
4735,3
4736,3
4737,3
4738,3
4739,3
4740,3
4741,3
4742,3
4743,3
4744,3
4745,3
4746,3
4747,3
4748,3
4749,3
4750,3
4751,3
4752,3
4753,3
4754,3
4755,3
4756,3
4757,3
4758,3
4759,3
4760,3
4761,3
4762,3
4763,3
4764,3
4765,3
4766,3
4767,3
4768,3
4769,3
4770,3
4771,3
4772,3
4773,3
4774,3
4775,3
4776,3
4777,3
4778,3
4779,3
4780,3
4781,3
4782,3
4783,3
4784,3
4785,3
4786,3
4787,3
4788,3
4789,3
4790,3
4791,3
4792,3
4793,3
4794,3
4795,3
4796,3
4797,3
4798,3
4799,3
4800,3
4801,3
4802,3
4803,3
4804,3
4805,3
4806,3
4807,3
4808,3
4809,3
4810,3
4811,3
4812,3
4813,4
4814,4
4815,4
4816,4
4817,4
4818,4
4819,4
4820,4
4821,4
4822,4
4823,4
4824,4
4825,4
4826,4
4827,4
4828,4
4829,4
4830,4
4831,4
4832,3
4833,3
4834,3
4835,3
4836,4
4837,4
4838,4
4839,4
4840,4
4841,4
4842,4
4843,4
4844,4
4845,3
